variable,-251.0,-240.08,-229.16,-218.24,-207.32,-196.4,-185.48000000000002,-174.56,-163.64,-152.72,-141.8,-130.88,-119.96000000000001,-109.03999999999999,-98.12,-87.19999999999999,-76.28,-65.36000000000001,-54.44,-43.52000000000001,-32.599999999999994,-21.680000000000007,-10.759999999999991,0.1599999999999966,11.079999999999984,22.0,32.920000000000016,43.839999999999975,54.75999999999999,65.68,76.60000000000002,87.51999999999998,98.44,109.36000000000001,120.27999999999997,131.2,142.12,153.04000000000002,163.95999999999998,174.88,185.8,196.71999999999997,207.64,218.56,229.48000000000002,240.39999999999998,251.32,262.24,273.15999999999997,284.08000000000004
Bensoniella_oregona,0.0,0.0,0.0,0.0,0.0,0.0,0.0,0.0,0.0,0.0,0.0,0.0,0.0,0.0,0.0,0.0,0.0,0.0,0.0,0.0,0.0,0.0,0.0,0.0,0.0,0.0,0.0023097246847935023,0.02558927132022864,0.0919562554992296,0.2225124921825693,0.3086934644857388,0.2322023564933593,0.09685552913981707,0.01922359875085792,0.000644341217346422,1.2966226059361225e-05,0.0,0.0,0.0,0.0,0.0,0.0,0.0,0.0,0.0,0.0,0.0,0.0,0.0,0.0
Conimitella_williamsii,0.0,0.0,0.0,0.0,0.0,0.0,0.0,0.0,0.0,0.0,0.0,0.0,0.0,0.0,0.0,0.0,0.0,0.0,4.526171931896824e-05,0.000580353801088529,0.004071780572363379,0.021027205062769592,0.06623705993610247,0.1250554729050842,0.16957501561506794,0.21269805630452496,0.19880402676547987,0.1303215078078765,0.04990170904288108,0.019447833355580025,0.002173412385364843,6.130472649763341e-05,0.0,0.0,0.0,0.0,0.0,0.0,0.0,0.0,0.0,0.0,0.0,0.0,0.0,0.0,0.0,0.0,0.0,0.0
Darmera_peltata,0.0,0.0,0.0,0.0,0.0,0.0,0.0,0.0,0.0,0.0,0.0,0.0,0.0,0.0,0.0,0.0,0.0,0.0,0.0,0.0,4.335240438512479e-10,3.1626360822644166e-08,5.67011641727932e-08,2.8286189687628843e-07,9.435050637980707e-07,1.1565389407271165e-05,0.00017395585137195156,0.001713549916188958,0.010389168086407342,0.03806935575470133,0.0824153535316059,0.12711710183496228,0.18080162598618096,0.22393756070894688,0.11988876186483613,0.07205581094773562,0.051163869188967766,0.06364522222642721,0.0286157835842508,0.0,0.0,0.0,0.0,0.0,0.0,0.0,0.0,0.0,0.0,0.0
Elmera_racemosa,0.0,0.0,0.0,0.0,0.0,0.0,0.0,0.0,0.0,0.0,0.0,0.0,0.0,0.0,0.0,0.0,2.925581037157056e-05,0.0,4.6339429103110796e-05,0.00014652638074591875,0.0012559078066694226,0.021242095552028672,0.08430303321815262,0.16057831938023595,0.1944205279948285,0.18992087716957232,0.12437562862895322,0.06822914627261252,0.04217881201300562,0.02732712354193218,0.025451078877704945,0.036377202556656316,0.019605297019468587,0.0037342727874300156,0.0007785555605284893,0.0,0.0,0.0,0.0,0.0,0.0,0.0,0.0,0.0,0.0,0.0,0.0,0.0,0.0,0.0
Heuchera_abramsii,0.0,0.0,0.0,0.0,0.0,0.0,0.0,0.0,0.0,0.0,0.0,0.0,0.0,0.0,0.0,0.0,0.0,0.0,0.0,0.0,0.0,0.0,0.0,0.0,0.0,0.0,0.07841950752079285,0.16169821136395687,0.35964746587226537,0.2352456120599672,0.09084902798870884,0.03304034150787312,0.029560967589317363,0.008110923803004245,0.002002157106694488,0.0005945205003790247,0.00016006539473417282,7.902634060002372e-05,0.00027025966972802647,0.0003219132819784632,0.0,0.0,0.0,0.0,0.0,0.0,0.0,0.0,0.0,0.0
Heuchera_acutifolia,0.0,0.0,0.0,0.0,0.0,0.0,0.0,0.0,0.0,0.0,0.0,0.0,0.0,0.0,0.0,0.0,0.0,0.0,0.0,0.0,0.0,0.0,6.425176364053105e-05,0.0002850936109745677,0.00016610251337562711,0.0005231793179763067,0.001128739290758608,0.002258279027582737,0.0045725124314360144,0.007691992917018297,0.009722386328828858,0.018045583410701903,0.038505179762484194,0.08423453325174235,0.12860907579926506,0.16001343266592438,0.1458259148051695,0.1216113286749737,0.10243377963858301,0.07717466613350689,0.049991738356243584,0.02525390907812936,0.01130735764906454,0.006288889143558612,0.0034089499120859928,0.000883124516975382,0.0,0.0,0.0,0.0
Heuchera_alba,0.0,0.0,0.0,0.0,0.0,0.0,0.0,0.0,0.0,0.0,0.0,0.0,0.0,0.0,0.0,0.0,0.0,0.0,0.0,0.0,0.0,0.0,0.0,0.0,0.0,0.0,0.0,0.0,0.003434652553105824,0.09411643489183373,0.2352610430136744,0.28184604865624235,0.273673995823455,0.10971003483502882,0.001957790226659914,0.0,0.0,0.0,0.0,0.0,0.0,0.0,0.0,0.0,0.0,0.0,0.0,0.0,0.0,0.0
Heuchera_americana,0.0,0.0,0.0,0.0,0.0,0.0,0.0,0.0,0.0,0.0,0.0,0.0,0.0,0.0,0.0,0.0,0.0,0.0,0.0,0.0,0.0,0.0,0.0,0.0,0.0,0.0,0.0,0.0,0.0,0.0018661382278822,0.02631717255081521,0.11224693827977666,0.11648331048647324,0.11875228387545606,0.1860051441328689,0.14997310042701073,0.1135505175285549,0.09818643741072322,0.05799806531065431,0.018126188940171192,0.000494702829613422,0.0,0.0,0.0,0.0,0.0,0.0,0.0,0.0,0.0
Heuchera_bracteata,0.0,0.0,0.0,0.0,0.0,0.0,0.0,0.0,0.0,0.0,0.0,0.0,0.0,0.0,0.0,0.0,0.0,2.6828189704482362e-05,0.002434385216784228,0.01305246437458654,0.043309972799813516,0.08240640592034787,0.11861230814492225,0.12243195233253786,0.0932669620376132,0.1191501536237863,0.13910861290437124,0.11683589060564716,0.08452977427493834,0.0510935298222651,0.013321141158223705,0.00041961859445820685,0.0,0.0,0.0,0.0,0.0,0.0,0.0,0.0,0.0,0.0,0.0,0.0,0.0,0.0,0.0,0.0,0.0,0.0
Heuchera_caroliniana,0.0,0.0,0.0,0.0,0.0,0.0,0.0,0.0,0.0,0.0,0.0,0.0,0.0,0.0,0.0,0.0,0.0,0.0,0.0,0.0,0.0,0.0,0.0,0.0,0.0,0.0,0.0,0.0,0.0,6.205236821062363e-05,0.0005381697413046423,0.0048819156874217355,0.029416059025516843,0.021033126622164024,0.044034616494891855,0.1138324109820916,0.3771755404750192,0.3192034360658013,0.08982267253757813,0.0,0.0,0.0,0.0,0.0,0.0,0.0,0.0,0.0,0.0,0.0
Heuchera_chlorantha,0.0,0.0,0.0,0.0,0.0,0.0,0.0,0.0,0.0,0.0,0.0,0.0,0.0,0.0,0.0,0.0,0.0,0.0,0.0,0.0,0.0,0.0,0.0,0.0010038149131767263,0.004653478383178815,0.015153817339358241,0.041044699865854524,0.07651462009319444,0.11537851304653975,0.09466513773651952,0.08197945285418966,0.14866813019912614,0.2395176085597326,0.1709059327573341,0.010514794251795459,0.0,0.0,0.0,0.0,0.0,0.0,0.0,0.0,0.0,0.0,0.0,0.0,0.0,0.0,0.0
Heuchera_cylindrica,0.0,0.0,0.0,0.0,0.0,0.0,0.0,0.0,0.0,0.0,0.0,0.0,0.0,0.0,0.0,0.0,0.0,0.0,0.0007613784047453005,0.004068166483857773,0.011831753413391323,0.02448799742034511,0.041682948974992175,0.05830012788680949,0.07185306995500322,0.0987138929784474,0.12436431520580088,0.12028839318465293,0.1202905290666283,0.11773585287623373,0.09115675003873937,0.051527088849876584,0.041318531057633286,0.020032557196463786,0.0015866470063798431,0.0,0.0,0.0,0.0,0.0,0.0,0.0,0.0,0.0,0.0,0.0,0.0,0.0,0.0,0.0
Heuchera_eastwoodiae,0.0,0.0,0.0,0.0,0.0,0.0,0.0,0.0,0.0,0.0,0.0,0.0,0.0,0.0,0.0,0.0,0.0,0.0,0.0,0.0,0.0,0.0,0.0,0.0,0.0,0.0,0.0,0.0,0.0,0.0030221324474638666,0.04684151614752286,0.10196504649712064,0.18149880443351105,0.22264753061624065,0.1442887975033571,0.10018583002475874,0.07413087763478755,0.0574428528913063,0.0412176807080321,0.022298935882451458,0.004084926258297679,0.0003750689551499942,0.0,0.0,0.0,0.0,0.0,0.0,0.0,0.0
Heuchera_elegans,0.0,0.0,0.0,0.0,0.0,0.0,0.0,0.0,0.0,0.0,0.0,0.0,0.0,0.0,0.0,0.0,0.0,0.0,0.0,0.0,0.0,0.0,0.0,0.0,0.0,0.0006287925776521645,0.002723862554578166,0.011326281462566892,0.04702776716623132,0.10109833543680836,0.11964372378444055,0.1178958378851971,0.1379122185297762,0.13738590940166706,0.13985499833462756,0.0929931593555684,0.057419455628714734,0.02287026954492121,0.009127532179767287,0.002020064166947589,4.4459838390926395e-05,2.012909409560116e-05,6.731643358808697e-06,4.714146899835592e-07,0.0,0.0,0.0,0.0,0.0,0.0
Heuchera_glabra,0.0,0.0,0.0,1.5164586296976268e-07,1.386572743197672e-06,6.088156198256297e-07,1.5987359787167126e-06,2.9645304626118165e-06,1.474842808731856e-06,3.2659529593409188e-06,1.2661229997609659e-06,1.7743542261885467e-06,8.112567030331739e-06,5.850246997768729e-05,0.00029884044928938015,0.0009914774061902244,0.002726076831294279,0.006449164126737152,0.015062538902474434,0.031193764199354664,0.0624806155365604,0.09340995536334323,0.09718850033195316,0.11515690678979527,0.11704892793711745,0.14450863403815112,0.1013963177582764,0.06566034002884459,0.05208684547152902,0.03710421530964977,0.026400525560558042,0.019360954977755047,0.01089907055927577,0.000495221811181223,0.0,0.0,0.0,0.0,0.0,0.0,0.0,0.0,0.0,0.0,0.0,0.0,0.0,0.0,0.0,0.0
Heuchera_glomerulata,0.0,0.0,0.0,0.0,0.0,0.0,0.0,0.0,0.0,0.0,0.0,0.0,0.0,0.0,0.0,0.0,0.0,0.0,0.0,0.0,0.0,0.0,0.0,0.0,0.0,0.0009899296039128304,0.004512826345002111,0.013578728659340672,0.03481665549134876,0.047210694035181015,0.041690291688368825,0.053240481834593546,0.08118353204452643,0.13408808111268622,0.13978494146346995,0.12783294345711665,0.1258308276237669,0.09325845068489742,0.0692899607148573,0.027777422917971,0.0045540563641909325,0.0003601759587694433,0.0,0.0,0.0,0.0,0.0,0.0,0.0,0.0
Heuchera_grossulariifolia,0.0,0.0,0.0,0.0,0.0,0.0,0.0,0.0,0.0,0.0,0.0,0.0,0.0,0.0,0.0,0.0,0.0,0.0,0.000128100686195296,0.0022244247130385397,0.008718380334828718,0.034159373925652665,0.06636878332825549,0.08786211545703979,0.08905716825306004,0.09439230779721253,0.1037589709569554,0.11513487199172852,0.10976807257253267,0.08975438123567467,0.06983771505550568,0.04738409901635452,0.04700547459096157,0.028275700725634043,0.0061700593593698545,0.0,0.0,0.0,0.0,0.0,0.0,0.0,0.0,0.0,0.0,0.0,0.0,0.0,0.0,0.0
Heuchera_hallii,0.0,0.0,0.0,0.0,0.0,0.0,0.0,0.0,0.0,0.0,0.0,0.0,0.0,0.0,0.0,0.0,0.0,0.0,0.005981105606708764,0.02323856942741793,0.05293943126972818,0.08807340464582325,0.09994406613749532,0.1259222044208265,0.13633281743119666,0.12048541702643616,0.09379042551108883,0.07524415322079786,0.06858860692999852,0.038721151418006576,0.02545687687976179,0.02453535161231209,0.016532067982029323,0.0042143504803722615,0.0,0.0,0.0,0.0,0.0,0.0,0.0,0.0,0.0,0.0,0.0,0.0,0.0,0.0,0.0,0.0
Heuchera_longiflora,0.0,0.0,0.0,0.0,0.0,0.0,0.0,0.0,0.0,0.0,0.0,0.0,0.0,0.0,0.0,0.0,0.0,0.0,0.0,0.0,0.0,0.0,0.0,0.0,0.0,0.0,0.0,0.0,0.0,5.575581856606269e-06,9.822765386527614e-05,0.0019418346940971336,0.01543176633206404,0.29188100521939864,0.4816661292591326,0.15885949621677498,0.0231180263300664,0.02051890122099552,0.0064790374917485785,0.0,0.0,0.0,0.0,0.0,0.0,0.0,0.0,0.0,0.0,0.0
Heuchera_longipetala,0.0,0.0,0.0,0.0,0.0,0.0,0.0,0.0,0.0,0.0,0.0,0.0,0.0,0.0,0.0,0.0,0.0,0.0,0.0,0.0,0.0,0.0,2.1351293711654467e-05,1.2500759273579104e-05,0.0,8.203217377667437e-05,0.0003565370081645195,0.00093668920953416,0.0019218027135259363,0.003447732511140653,0.006482499177473972,0.012264810358807979,0.02453574259926686,0.05001221115028516,0.08378307402161621,0.1154658451900421,0.1346341616897682,0.1246979030418184,0.13035790411034984,0.10484682303619353,0.07136250990042024,0.05041822943134252,0.03165095433250336,0.021650491670725584,0.016418004061664482,0.010172126515601131,0.002876658302656797,0.0011557330174982612,0.00036000271860730767,7.567000423087608e-05
Heuchera_maxima,0.0,0.0,0.0,0.0,0.0,0.0,0.0,0.0,0.0,0.0,0.0,0.0,0.0,0.0,0.0,0.0,0.0,0.0,0.0,0.0,0.0,0.0,0.0,0.0,0.0,0.0,0.0,0.0,0.0,0.0,0.0,0.0,1.2347139082376074e-07,6.407795433266608e-07,2.9705363375643545e-06,0.3292001773693829,0.5054215725944933,0.16537451524885188,0.0,0.0,0.0,0.0,0.0,0.0,0.0,0.0,0.0,0.0,0.0,0.0
Heuchera_merriamii,0.0,0.0,0.0,0.0,0.0,0.0,0.0,0.0,0.0,0.0,0.0,0.0,0.0,0.0,0.0,0.0,0.0,0.0,0.0,0.0,0.0,7.824009816268155e-05,0.000568883830769595,0.001816045225597934,0.009063750269926887,0.04847826631784647,0.19824931193038567,0.2987901886825055,0.197350442417774,0.1074181079415406,0.07038190345264991,0.03816091900237894,0.018442475533561327,0.007355278591533898,0.0024716752405595467,0.0007697391393778716,0.00034269197629056326,0.00022915831708056957,3.292203205803477e-05,0.0,0.0,0.0,0.0,0.0,0.0,0.0,0.0,0.0,0.0,0.0
Heuchera_mexicana,0.0,0.0,0.0,0.0,0.0,0.0,0.0,0.0,0.0,0.0,0.0,0.0,0.0,0.0,0.0,0.0,0.0,0.0,0.0,0.0,0.0,0.0,0.0,0.0,0.0,0.0,0.0,0.0,2.450267224691098e-05,0.0003935201101089514,0.0012782974031676155,0.004438753907984958,0.0198249912981904,0.06411939450244612,0.10902836121929764,0.1269317162046991,0.1234088737481332,0.110508629038327,0.11560770263549572,0.09876524457092024,0.0672581939572442,0.05096854752752413,0.03930328347064698,0.02579100475766844,0.02066473177315273,0.01816202021667241,0.003522230986073231,0.0,0.0,0.0
Heuchera_micrantha,0.0,0.0,0.0,0.0,0.0,0.0,0.0,0.0,0.0,0.0,0.0,0.0,0.0,0.0,0.0,0.0,0.0,0.0,0.0,1.830661753591948e-05,0.00012023958718908091,0.0006175257556023326,0.0021506520138423364,0.005407158134084964,0.010831270217601656,0.025531369132218536,0.039960438735939414,0.05563033385436729,0.07442110969765328,0.08840184678123451,0.10997516789814628,0.16036775211214932,0.1688046767732022,0.10815858783867707,0.04903808862217025,0.049014080269350016,0.03404843770212899,0.012925026808139893,0.004357720040907906,0.00021242204454323667,7.789363315522632e-06,0.0,0.0,0.0,0.0,0.0,0.0,0.0,0.0,0.0
Heuchera_missouriensis,0.0,0.0,0.0,0.0,0.0,0.0,0.0,0.0,0.0,0.0,0.0,0.0,0.0,0.0,0.0,0.0,0.0,0.0,0.0,0.0,0.0,0.0,0.0,0.0,0.0,0.0,0.0,0.0,0.0,0.0,0.0,0.0,0.0,0.015855179934069926,0.2355233598877873,0.4514535420242,0.20378908100795748,0.0901286312220656,0.0032502059239195268,0.0,0.0,0.0,0.0,0.0,0.0,0.0,0.0,0.0,0.0,0.0
Heuchera_novomexicana,0.0,0.0,0.0,0.0,0.0,0.0,0.0,0.0,0.0,0.0,0.0,0.0,0.0,0.0,0.0,0.0,0.0,0.0,0.0,0.0,0.0,0.0,0.0,0.0,0.0,0.0001094512798057396,0.001631222404009194,0.02315523148502515,0.12415987546149107,0.25033184236253997,0.22276953293833712,0.15642441076964894,0.1027970068422914,0.06438749823727531,0.03449617318248482,0.012783218407487222,0.006199780848941251,0.0007547557806626993,0.0,0.0,0.0,0.0,0.0,0.0,0.0,0.0,0.0,0.0,0.0,0.0
Heuchera_parishii,0.0,0.0,0.0,0.0,0.0,0.0,0.0,0.0,0.0,0.0,0.0,0.0,0.0,0.0,0.0,0.0,0.0,0.0,0.0,0.0,0.0,0.0,0.0,0.0,0.0016579009084251453,0.014250254309950831,0.027558790042882458,0.052513966666013656,0.11413845868732625,0.273881749324364,0.22764062571559185,0.12543992039586174,0.08237883171759411,0.04002645401207747,0.02500030881971734,0.010225456668241073,0.003713645595876485,0.0012606060381043973,0.000244628032422417,5.244420855623564e-05,1.104932358067032e-05,4.2922922839502766e-06,5.387477288434114e-07,7.849340098800296e-08,0.0,0.0,0.0,0.0,0.0,0.0
Heuchera_parviflora,0.0,0.0,0.0,0.0,0.0,0.0,0.0,0.0,0.0,0.0,0.0,0.0,0.0,0.0,0.0,0.0,0.0,0.0,0.0,0.0,0.0,0.0,0.0,0.0,0.0,0.0,0.0,0.0,0.0,0.0002389598745064668,0.002554607171584787,0.01663269484377011,0.06471963921534855,0.2694077176519449,0.5227858440489404,0.1041355633482664,0.01901824125277288,0.0005067325928656269,0.0,0.0,0.0,0.0,0.0,0.0,0.0,0.0,0.0,0.0,0.0,0.0
Heuchera_parvifolia,0.0,0.0,0.0,0.0,0.0,0.0,0.0,0.0,0.0,0.0,0.0,0.0,0.0,0.0,0.0,0.0,0.0,7.650968207491175e-05,0.001137410171883407,0.006062290934762656,0.01891906604733211,0.03839040946552533,0.06042736334866545,0.08190445537820368,0.09326052810281336,0.10911649764514744,0.11545331088415485,0.1287612377249641,0.1136524836753956,0.08686056491713925,0.06839502894764682,0.03218416827907525,0.01881821442526621,0.012103946123113921,0.007215845652730686,0.0038710876834886095,0.0018823007592043066,0.001013166897917972,0.0003803865019001189,0.00010339964710229164,1.0327104491450677e-05,0.0,0.0,0.0,0.0,0.0,0.0,0.0,0.0,0.0
Heuchera_pilosissima,0.0,0.0,0.0,0.0,0.0,0.0,0.0,0.0,0.0,0.0,0.0,0.0,0.0,0.0,0.0,0.0,0.0,0.0,0.0,0.0,0.0,0.0,0.0,0.0,0.0,0.0,4.649602611478221e-06,7.907659009663018e-06,0.0001373091391991062,0.0014096566546701649,0.008113255210816765,0.04161381094623885,0.09009092003102592,0.14021804952174696,0.3242045110503464,0.2978633639601057,0.08963795609067915,0.006693245396477103,5.089908515220749e-06,2.7482855764827035e-07,0.0,0.0,0.0,0.0,0.0,0.0,0.0,0.0,0.0,0.0
Heuchera_puberula,0.0,0.0,0.0,0.0,0.0,0.0,0.0,0.0,0.0,0.0,0.0,0.0,0.0,0.0,0.0,0.0,0.0,0.0,0.0,0.0,0.0,0.0,0.0,0.0,0.0,0.0,0.0,0.0,0.0,0.0,0.0,0.0,0.0,0.0,0.4594485050158128,0.42845886769864416,0.09571602068485116,0.01624964130085825,0.00012696529983270629,0.0,0.0,0.0,0.0,0.0,0.0,0.0,0.0,0.0,0.0,0.0
Heuchera_pubescens,0.0,0.0,0.0,0.0,0.0,0.0,0.0,0.0,0.0,0.0,0.0,0.0,0.0,0.0,0.0,0.0,0.0,0.0,0.0,0.0,0.0,0.0,0.0,0.0,0.0,0.0,0.0,0.0,5.100512291947516e-05,0.0037098018067612776,0.0300759766419188,0.14631442920663285,0.3130229122414141,0.2563996046674869,0.15509795565579199,0.08604014621318476,0.009288168443889872,0.0,0.0,0.0,0.0,0.0,0.0,0.0,0.0,0.0,0.0,0.0,0.0,0.0
Heuchera_richardsonii,0.0,0.0,0.0,0.0,0.0,0.0,0.0,0.0,0.0,0.0,0.0,0.0,0.0,0.0,0.0,0.0,0.0,0.0,0.0002954608116536837,0.007863636705244878,0.006135537737915333,0.005103499723069562,0.006474377169798576,0.016427794577885218,0.07837868590457718,0.08101383177377362,0.07851866269171377,0.09271159300117593,0.11184905806209022,0.09265605594968622,0.08907304206678289,0.06836124568429773,0.05922078361794506,0.06083807051391424,0.09947719498488823,0.039428222405189284,0.006173246618398542,0.0,0.0,0.0,0.0,0.0,0.0,0.0,0.0,0.0,0.0,0.0,0.0,0.0
Heuchera_rubescens,0.0,0.0,0.0,0.0,0.0,0.0,0.0,0.0,0.0,0.0,0.0,0.0,0.0,0.0,0.0,0.0,0.0,0.0,0.0,0.0,0.0003975430590072859,0.006359886940596945,0.01671999019914111,0.02845968656935786,0.03407405001655929,0.0487890282516562,0.0743862800455367,0.10705178238527237,0.12306007550649302,0.11911057344560418,0.10257765908179632,0.07958310540845555,0.06999099559608643,0.05718331837049598,0.044209296068521343,0.033024577938798635,0.02393492413676055,0.01437309688587817,0.010077397139886602,0.003569474269791184,0.0017395893137336974,0.0009000655899816571,0.0003589297602659105,6.639408141144543e-05,2.279938911601516e-06,0.0,0.0,0.0,0.0,0.0
Heuchera_sanguinea,0.0,0.0,0.0,0.0,0.0,0.0,0.0,0.0,0.0,0.0,0.0,0.0,0.0,0.0,0.0,0.0,0.0,0.0,0.0,0.0,0.0,0.0,0.0,0.0,0.0,0.0,0.0,0.0,0.00015807172819868988,0.00066758852891665,0.001450072201454704,0.004123893878621977,0.031152065936592244,0.11251407286734244,0.14698962108234767,0.16778527295753265,0.1598894040167592,0.12752432554138662,0.10856113080459392,0.0719400601669163,0.03728230484106949,0.017435531943028857,0.007830721760907405,0.0032526890229240372,0.0012750831494900727,0.00016808957191708114,0.0,0.0,0.0,0.0
Heuchera_versicolor,0.0,0.0,0.0,0.0,0.0,0.0,0.0,0.0,0.0,0.0,0.0,0.0,0.0,0.0,0.0,0.0,0.0,0.0,0.0,0.0,0.0,0.0,1.994988841551441e-05,9.866256623081285e-05,0.000258891970615831,0.0010719405687389248,0.0028519216152274192,0.016868595375689046,0.03609733276147822,0.057109062053884885,0.07785365292270388,0.07795534611769236,0.09021200128329987,0.1178369386786392,0.10985829267544127,0.09666660906321524,0.08812408370360515,0.07292406756897345,0.0670113315076852,0.04749078588898994,0.017876339071847398,0.010776723810637854,0.006750919660597707,0.002325424074179372,0.001418199730860302,0.0005417286695616949,1.1987717895083971e-06,0.0,0.0,0.0
Heuchera_villosa,0.0,0.0,0.0,0.0,0.0,0.0,0.0,0.0,0.0,0.0,0.0,0.0,0.0,0.0,0.0,0.0,0.0,0.0,0.0,0.0,0.0,0.0,0.0,0.0,0.0,0.0,0.0,0.0,0.0,0.0015251329594115008,0.011057504327757246,0.03772117676629147,0.08837738850662243,0.15181482030871588,0.2615401368112587,0.2365343932282212,0.14430252376413616,0.06511461861972705,0.002012304707858352,0.0,0.0,0.0,0.0,0.0,0.0,0.0,0.0,0.0,0.0,0.0
Heuchera_wootonii,0.0,0.0,0.0,0.0,0.0,0.0,0.0,0.0,0.0,0.0,0.0,0.0,0.0,0.0,0.0,0.0,0.0,0.0,0.0,0.0,0.0,0.0,0.0,0.0,0.0,0.0,0.00818239054529276,0.014584134908813275,0.02433746278261705,0.08029236737225265,0.1997696814930634,0.3036988753795384,0.2438633318593796,0.08737122537509676,0.02616110039553407,0.01074056310319998,0.000982095260210912,1.6771525001171628e-05,0.0,0.0,0.0,0.0,0.0,0.0,0.0,0.0,0.0,0.0,0.0,0.0
Lithophragma_affine,0.0,0.0,0.0,0.0,0.0,0.0,0.0,0.0,0.0,0.0,0.0,0.0,0.0,0.0,0.0,0.0,0.0,0.0,0.0,2.439537839021811e-06,1.907530171351477e-05,5.955764729956815e-05,7.20225827401827e-05,7.080320670507459e-05,8.623182287720845e-05,0.0002533554705034353,0.0008392736654397577,0.0023038342047680873,0.0043304931931253034,0.007804482238081869,0.013314116458215187,0.024045460742925403,0.04287375817243114,0.07918179811719216,0.11716764758804722,0.2014734831145123,0.21640457814383326,0.14481430720870614,0.10514711509363922,0.03904375366193556,0.0005701093101386107,7.029250972266712e-05,3.949771239205556e-05,1.2513295216060789e-05,0.0,0.0,0.0,0.0,0.0,0.0
Lithophragma_bolanderi,0.0,0.0,0.0,0.0,0.0,0.0,0.0,0.0,0.0,0.0,0.0,0.0,0.0,0.0,0.0,0.0,0.0,0.0,0.0,0.0,5.2650335165859855e-05,0.0004897879886855514,0.0010197078994117678,0.0024491429264083147,0.0041383908920609004,0.006146085454804364,0.0077355410229399185,0.01163610082039488,0.01678721590116531,0.02029697527234696,0.02284865081606,0.0300454307565718,0.0375234843705556,0.05162050246851748,0.08016420007260783,0.14924414729988902,0.1940703855726536,0.20302698142390613,0.13213340353236547,0.02608264801796177,0.0018722261175639927,0.00022820776958006582,0.0002615294921517482,0.00012660377623169097,0.0,0.0,0.0,0.0,0.0,0.0
Lithophragma_campanulatum,0.0,0.0,0.0,0.0,0.0,0.0,0.0,0.0,0.0,0.0,0.0,0.0,0.0,0.0,0.0,0.0,0.0,0.0,0.0,0.0,0.0,6.199954203025102e-05,0.0001043291540060954,0.0002168109109051203,0.0009150958456878157,0.007011291087961079,0.033492383734553516,0.07339933329546695,0.11490070589331006,0.13025083912074106,0.12774682087401462,0.12584596390557945,0.12726017701130773,0.10893400682595744,0.05412068412518516,0.03819429358262125,0.028935672174034883,0.018225927041352008,0.010383665875285554,0.0,0.0,0.0,0.0,0.0,0.0,0.0,0.0,0.0,0.0,0.0
Lithophragma_cymbalaria,0.0,0.0,0.0,0.0,0.0,0.0,0.0,0.0,0.0,0.0,0.0,0.0,0.0,0.0,0.0,0.0,0.0,0.0,0.0,0.0,0.0,0.0,0.0,0.0,0.0,0.00029759542151734577,0.00041013458809215287,0.0003498005028479249,0.0012818866762275961,0.002815983779320439,0.002882445281445518,0.0038155827818227924,0.010654181789724522,0.02468243820929723,0.08195832913899577,0.3406185549841559,0.3727515435839297,0.12558751939829652,0.02470830527015819,0.007081802139989036,0.00010389315388164345,3.300297717706514e-09,0.0,0.0,0.0,0.0,0.0,0.0,0.0,0.0
Lithophragma_glabrum,0.0,0.0,0.0,0.0,0.0,0.0,0.0,0.0,0.0,0.0,0.0,0.0,0.0,0.0,0.0,0.0,0.0,0.0,0.0001502615267824696,0.0011557577330368837,0.004961835026186144,0.014266619568991997,0.026018052391908183,0.036571450974230514,0.04497607606240691,0.06529466051065981,0.08784733469934237,0.12144753125607398,0.1446516440575714,0.14627622857397013,0.10951661287835104,0.07347314803947548,0.0684169409944538,0.04176048192974357,0.0072343093149739015,0.0027551880189060607,0.0014061668618787304,0.0007394573745862125,0.0007242319842208375,0.0003521645333019827,3.3250050061115713e-06,5.206839416874415e-07,0.0,0.0,0.0,0.0,0.0,0.0,0.0,0.0
Lithophragma_heterophyllum,0.0,0.0,0.0,0.0,0.0,0.0,0.0,0.0,0.0,0.0,0.0,0.0,0.0,0.0,0.0,0.0,0.0,0.0,0.0,0.0,3.154464451139022e-05,0.0002941622160340625,0.0004806400659763307,0.000893686430806408,0.001390915351268547,0.003101128829061759,0.008349830570461524,0.01621747678104761,0.022652934888705657,0.025393185257766036,0.024823851879885075,0.02754763303769017,0.0407956391940108,0.08695031841615666,0.13770755038776505,0.2214447833023352,0.20952616550641487,0.10737184335959866,0.05099317891984675,0.013897145238686931,0.00012312741266290878,4.805839387409575e-06,6.419484692311368e-06,2.0329852277860747e-06,0.0,0.0,0.0,0.0,0.0,0.0
Lithophragma_parviflorum,0.0,0.0,0.0,0.0,0.0,0.0,0.0,0.0,0.0,0.0,0.0,0.0,0.0,0.0,0.0,0.0,0.0,0.0,6.962933266043168e-07,1.2323571226471993e-05,0.00018262630116871906,0.0012042526695449686,0.004589457554362664,0.011820697520942327,0.025511449868203463,0.04726236908158832,0.07039406160459391,0.09231347226362197,0.10645926554951236,0.11853584478947372,0.10260006870648712,0.08633086178230544,0.08637857841699077,0.04657957474019493,0.029311314181033624,0.038181706220869666,0.047165076010648385,0.04935050442521138,0.030064849927596126,0.004792070446715118,0.0006229851049764599,0.00026923085469844334,6.66621147071314e-05,0.0,0.0,0.0,0.0,0.0,0.0,0.0
Lithophragma_tenellum,0.0,0.0,0.0,0.0,0.0,0.0,0.0,0.0,0.0,0.0,0.0,0.0,0.0,0.0,0.0,0.0,0.0,1.0843163810325017e-06,2.046158856255004e-05,0.00017245525704274485,0.000753124892021099,0.0021522973062765858,0.005112091199458259,0.012958767890667659,0.023579929377127308,0.04519697740395536,0.07613095382617324,0.12368739989500785,0.15551083969553128,0.14444393745581752,0.12105651324619612,0.08287520104082276,0.06617136074183683,0.04614930263972675,0.02296280829963684,0.019556875119630817,0.016857812137643542,0.016032202098228598,0.012447260903783123,0.0032758858867840447,0.0010568692331172876,0.0006485392261115427,0.0005917627101723968,0.0005234100037282244,7.387660855882197e-05,0.0,0.0,0.0,0.0,0.0
Lithophragma_trifoliatum,0.0,0.0,0.0,0.0,0.0,0.0,0.0,0.0,0.0,0.0,0.0,0.0,0.0,0.0,0.0,0.0,0.0,0.0,0.0,0.0,0.0,0.0,0.0,0.0,2.418714940483576e-06,3.4636472378047565e-05,0.00026402812567847595,0.0011396871076993387,0.003246053286001845,0.007482853916577083,0.012623656630485484,0.02030501272241164,0.020547448541751164,0.01925868391537797,0.02149574918771531,0.04071711737034939,0.21323129577344946,0.4117760519139408,0.2278753063212435,0.0,0.0,0.0,0.0,0.0,0.0,0.0,0.0,0.0,0.0,0.0
Mitella_acerina,0.0,0.0,0.0,0.0,0.0,0.0,0.0,0.0,0.0,0.0,0.0,0.0,0.0,0.0,0.0,0.0,0.0,0.0,0.0,0.0,0.0,0.0,0.0,0.0,0.0,0.0,0.0,0.0,0.0002382184183345244,0.001767355645060263,0.005177831635643134,0.010494986667680754,0.044471227717448665,0.10436003616624796,0.17888239201739936,0.336119724541641,0.3143791022723175,0.004109124918226832,0.0,0.0,0.0,0.0,0.0,0.0,0.0,0.0,0.0,0.0,0.0,0.0
Mitella_breweri,0.0,0.0,0.0,0.0,0.0,0.0,0.0,0.0,0.0,0.0,0.0,0.0,0.0,0.0,0.0,0.0,2.8910735368524424e-06,2.80603756830487e-06,0.00013928339411531997,0.0013978480184040026,0.006797211436196371,0.01967355072493675,0.04823835184110186,0.07242634916685257,0.08771665133532322,0.11270485806764485,0.12923619870826356,0.13577387640064212,0.1341602418057257,0.106236331912675,0.06836682513557944,0.040051248117710665,0.021390763244525084,0.00968672580222965,0.0032488844893045327,0.0020724132397218114,0.0005809071554657063,9.57828924764715e-05,0.0,0.0,0.0,0.0,0.0,0.0,0.0,0.0,0.0,0.0,0.0,0.0
Mitella_caulescens,0.0,0.0,0.0,0.0,0.0,0.0,0.0,0.0,0.0,0.0,0.0,0.0,0.0,0.0,0.0,0.0,0.0,0.0,1.5303277097515012e-06,1.866396145588889e-05,0.00012941972667318596,0.000919176665910694,0.0036941945276748453,0.009453689892198448,0.015597109718196597,0.029708827959140545,0.052467732609499385,0.07480052649632186,0.09324822256905137,0.10015891201698923,0.09949105020943748,0.14777281324318042,0.20998914411392625,0.13489913141099774,0.019728491635315967,0.0042321537921225704,0.0019249805524004329,0.0012280161207835823,0.0005362124510137187,0.0,0.0,0.0,0.0,0.0,0.0,0.0,0.0,0.0,0.0,0.0
Mitella_diphylla,0.0,0.0,0.0,0.0,0.0,0.0,0.0,0.0,0.0,0.0,0.0,0.0,0.0,0.0,0.0,0.0,0.0,0.0,0.0,0.0,0.0,0.0,0.0,2.554070023002547e-05,0.0008013158703133435,0.0045661844370483325,0.021394013372008282,0.0669917589873922,0.14051212784276731,0.15148167319062522,0.15589545989274947,0.1370705277806906,0.08832665528970736,0.07543902160300361,0.09564500068635018,0.044685578504725834,0.01398701901890622,0.003178122823482027,0.0,0.0,0.0,0.0,0.0,0.0,0.0,0.0,0.0,0.0,0.0,0.0
Mitella_diversifolia,0.0,0.0,0.0,0.0,0.0,0.0,0.0,0.0,0.0,0.0,0.0,0.0,0.0,0.0,0.0,0.0,0.0,0.0,0.0,4.680243848737111e-08,3.2979484803836715e-07,3.0480238667028028e-05,0.00029283872457711545,0.0013113645196666393,0.0031372837385320665,0.012184456850922187,0.04025292720223144,0.08901083347290405,0.15031762231640988,0.18704600254259,0.17889198778924384,0.14561276289081068,0.10270622826920688,0.061808568961308825,0.015650819487032508,0.005854416454978403,0.003156683172846229,0.0020274897085131136,0.0007068570622725872,0.0,0.0,0.0,0.0,0.0,0.0,0.0,0.0,0.0,0.0,0.0
Mitella_formosana,0.0,0.0,0.0,0.0,0.0,0.0,0.0,0.0,0.0,0.0,0.0,0.0,0.0,0.0,0.0,0.0,0.0,0.0,0.0,0.0,0.0,0.0,0.0,0.0,0.0,0.0,0.0009000797016212342,0.008225488149379323,0.016709345281770715,0.04392588367507737,0.06115723817802126,0.08999222538762344,0.10503451831772934,0.11913731563821102,0.11733179145360388,0.10581659279943606,0.09422726519677853,0.07316950851953695,0.057352397769545774,0.03994542705679298,0.02536216345700209,0.01538983780655805,0.010884038325382027,0.006569869831334086,0.00861978983040793,0.0002492236241879578,0.0,0.0,0.0,0.0
Mitella_furusei,0.0,0.0,0.0,0.0,0.0,0.0,0.0,0.0,0.0,0.0,0.0,0.0,0.0,0.0,0.0,0.0,0.0,0.0,0.0,0.0,0.0,5.206701637593002e-05,0.00021129606790853533,0.0004259294872363433,0.0006597890496063575,0.0010844191786058127,0.0015616695638404508,0.0018645180803982672,0.002667758899421281,0.0053270846462673115,0.012061670233715469,0.0271851773142602,0.05893912478176585,0.1314724480141013,0.2291251947262132,0.2735981755724829,0.1835075296740518,0.06165580591074244,0.008600341783006523,0.0,0.0,0.0,0.0,0.0,0.0,0.0,0.0,0.0,0.0,0.0
Mitella_japonica,0.0,0.0,0.0,0.0,0.0,0.0,0.0,0.0,0.0,0.0,0.0,0.0,0.0,0.0,0.0,0.0,0.0,0.0,0.0,0.0,0.0,0.0,0.0,0.0,0.0,0.0,0.0,0.0,0.00028075532450887983,0.002984188138503264,0.010577271790385229,0.025274263978773068,0.05021244735399654,0.10400702078018592,0.1510724329182408,0.1797152499742897,0.21649710707558148,0.1908574658117172,0.06242782968450824,0.006083135307112548,1.083186219714176e-05,0.0,0.0,0.0,0.0,0.0,0.0,0.0,0.0,0.0
Mitella_koshiensis,0.0,0.0,0.0,0.0,0.0,0.0,0.0,0.0,0.0,0.0,0.0,0.0,0.0,0.0,0.0,0.0,0.0,0.0,0.0,0.0,1.1623864200286533e-05,9.841459686872736e-05,0.0007421638890915767,0.0014622145602630875,0.0021737441999818852,0.00427129312832337,0.008226446296943513,0.014157715027911669,0.02275904727572781,0.03943570483602775,0.06064508323019166,0.08196563243708715,0.1241671022361142,0.2647982763295913,0.3071977055905355,0.06788783250114043,0.0,0.0,0.0,0.0,0.0,0.0,0.0,0.0,0.0,0.0,0.0,0.0,0.0,0.0
Mitella_nuda,0.0,0.0,0.0,0.0,0.0,0.0,0.0,0.0,0.0,0.0,0.0,0.0,0.0,0.0,0.0002439677088802357,0.0029451026873834264,0.012445121320362523,0.03109602371607053,0.0334602251172712,0.059934865607595984,0.06818955789842752,0.09163422636044737,0.11593740715049915,0.13426217767893145,0.12454452577177352,0.0935389923864376,0.07058893296551065,0.05709110952165535,0.05475090668164632,0.030695229151119406,0.013395047451166191,0.00414133922659437,0.0009298643364520427,0.00011090826895220727,5.1335511063913034e-05,1.3133481759062836e-05,0.0,0.0,0.0,0.0,0.0,0.0,0.0,0.0,0.0,0.0,0.0,0.0,0.0,0.0
Mitella_ovalis,0.0,0.0,0.0,0.0,0.0,0.0,0.0,0.0,0.0,0.0,0.0,0.0,0.0,0.0,0.0,0.0,0.0,0.0,0.0,1.1580371905813147e-05,2.6329204709258976e-05,4.0837438245375945e-05,0.00010803638125859787,0.0008827553496364453,0.002464437274941584,0.009605364621963531,0.026882219735839805,0.04183143508119276,0.057693691149571874,0.08342403051105783,0.11943335538102247,0.22480955195535585,0.2676379903446008,0.12935021027605725,0.018262629384082886,0.010409942815566349,0.0064922611197011,0.00047361371602519764,0.00015972788726521968,0.0,0.0,0.0,0.0,0.0,0.0,0.0,0.0,0.0,0.0,0.0
Mitella_pauciflora,0.0,0.0,0.0,0.0,0.0,0.0,0.0,0.0,0.0,0.0,0.0,0.0,0.0,0.0,0.0,0.0,0.0,0.0,0.0,0.0,0.0,0.0006510406557703456,0.0012842615086459813,0.0014906423359763144,0.002107509654212949,0.006413602116778955,0.012634630227462224,0.02078863867592624,0.034262881367465414,0.05419369789414543,0.07801469066665874,0.10952177758737254,0.14689206994093795,0.1753991935532284,0.16430295290828958,0.1198855672683261,0.0594522355281183,0.012353399860422809,0.0003512082502617288,0.0,0.0,0.0,0.0,0.0,0.0,0.0,0.0,0.0,0.0,0.0
Mitella_pentandra,0.0,0.0,0.0,0.0,0.0,0.0,0.0,0.0,0.0,0.0,0.0,0.0,2.566135400874773e-06,2.8334789886242724e-05,0.00015715402216358933,0.0005375161326542738,0.0018267429445522128,0.004827954242787079,0.014924446120438337,0.033981173328499426,0.054961146044906,0.07393847301551126,0.09109911965057696,0.11079023044813012,0.1105560622595317,0.11963897344707558,0.10910677048048333,0.08938248021798198,0.07334944659325954,0.04960222500381264,0.0249282924954346,0.015287880833938597,0.010869886726483322,0.005279264391368578,0.0017157592963987641,0.0010835950429447503,0.0009218203256273168,0.0008529161201465251,0.00034976989000645644,0.0,0.0,0.0,0.0,0.0,0.0,0.0,0.0,0.0,0.0,0.0
Mitella_stauropetala,0.0,0.0,0.0,0.0,0.0,0.0,0.0,0.0,0.0,0.0,0.0,0.0,0.0,0.0,0.0,0.0,0.0,8.612196053871439e-06,0.0002622350403751541,0.002612713891165366,0.011525110908483308,0.03330707739872914,0.06958615573674605,0.09323453675338726,0.1057325192653768,0.12899695471482375,0.13987156886767732,0.1203691457740545,0.09686885643770596,0.09574458633840843,0.059025121316792536,0.019671289531534592,0.014411098850861009,0.00782620857851862,0.0009445396208609553,1.6687784451327469e-06,0.0,0.0,0.0,0.0,0.0,0.0,0.0,0.0,0.0,0.0,0.0,0.0,0.0,0.0
Mitella_stylosa,0.0,0.0,0.0,0.0,0.0,0.0,0.0,0.0,0.0,0.0,0.0,0.0,0.0,0.0,0.0,0.0,0.0,0.0,0.0,1.1016715042164889e-05,3.4769969239330734e-05,0.0001613159461251781,0.00023241799905218897,0.0007324294137374554,0.0012493304944697086,0.0025698429912598604,0.00338025571686381,0.00458452504990615,0.007258754794789669,0.011976179391584357,0.02152653151700861,0.045577887848347286,0.08462293077902408,0.13100946508170574,0.1880721109682435,0.2275444030946929,0.1847948721065906,0.0791119881412195,0.005548199640842628,7.723402552250927e-07,0.0,0.0,0.0,0.0,0.0,0.0,0.0,0.0,0.0,0.0
Mitella_trifida,0.0,0.0,0.0,0.0,0.0,0.0,0.0,0.0,0.0,0.0,0.0,0.0,0.0,0.0,0.0,0.0,5.093212646029019e-06,7.05124297692487e-05,0.00048004069364776037,0.0028465272143345845,0.01242691612825041,0.030855528791072638,0.055791881354569486,0.08821203625483871,0.10805970735738936,0.13019056187918246,0.12493677113744373,0.1140148404867524,0.10456728242422696,0.0871667080235029,0.06249480851740957,0.039005005839110735,0.02581183485424338,0.010815371374903763,0.0018950455551732586,0.00024855876069058573,8.087398038357022e-05,2.409373045654291e-05,0.0,0.0,0.0,0.0,0.0,0.0,0.0,0.0,0.0,0.0,0.0,0.0
Mitella_yamatoensis,0.0,0.0,0.0,0.0,0.0,0.0,0.0,0.0,0.0,0.0,0.0,0.0,0.0,0.0,0.0,0.0,0.0,0.0,0.0,0.0,0.0,0.0,0.0,0.0,0.0,0.0,0.0,0.0,0.00013336833228677592,0.0023721541463976484,0.0061600037083657105,0.0140510425501016,0.030944120737539188,0.09287298114578577,0.2327021531041568,0.24499027676571125,0.2826126976513672,0.09310384427362133,5.735758466679596e-05,0.0,0.0,0.0,0.0,0.0,0.0,0.0,0.0,0.0,0.0,0.0
Rodgersia_pinnata,0.0,0.0,0.0,0.0,0.0,0.0,0.0,0.0,0.0,0.0,0.0,0.0,0.0,0.0,0.0,0.0,0.0,0.0,2.024356578636182e-06,6.492032523662414e-05,0.0003461329530020415,0.0016176803018471985,0.00630139185801688,0.008179488409037922,0.008769556696364667,0.015105505725554825,0.025420969471554068,0.033084625079824216,0.04576182848613893,0.06192900316695505,0.07126321327192492,0.06940163643561001,0.0756418239288728,0.08539949302962234,0.08771699568925953,0.09500951928170154,0.095379193693646,0.07084545271061232,0.041902267837159515,0.03531132150766863,0.025710876034930958,0.021126466492496342,0.012286045388148113,0.005272938920331242,0.0008700212285884923,0.00027960771931617923,0.0,0.0,0.0,0.0
Tellima_grandiflora,0.0,0.0,0.0,0.0,0.0,0.0,0.0,0.0,0.0,0.0,0.0,0.0,0.0,0.0,0.0,0.0,0.000186198055336938,0.0007197443865737081,0.0011892901047396856,0.0018041561457098536,0.004595709961128753,0.008716086049528556,0.017547209662854973,0.04133899827323701,0.06704347893970364,0.11391986862581548,0.10931956321586853,0.06680309698708392,0.05692278898870319,0.055239681642448864,0.05909982597758837,0.1020451821731828,0.12971282407737594,0.08767171227956322,0.029174780038244474,0.029032950186403107,0.013157467766250982,0.003528795261912397,0.0012305261608970366,6.503984838965638e-08,0.0,0.0,0.0,0.0,0.0,0.0,0.0,0.0,0.0,0.0
Tiarella_cordifolia,0.0,0.0,0.0,0.0,0.0,0.0,0.0,0.0,0.0,0.0,0.0,0.0,0.0,0.0,0.0,0.0,0.0,0.0,0.0,0.0,0.0,0.0,8.636780876785975e-05,0.0005561759811399209,0.0029686282344807964,0.019223437689400262,0.06687505072657111,0.12904319879525208,0.14256314495398206,0.12578309125190146,0.1143947306165585,0.09342333507705924,0.059746337927825965,0.04909540797813049,0.0449340973769877,0.04377242857188826,0.03933888087799632,0.0350894633146782,0.021694092608671226,0.010321893301947108,0.0010902369067625466,0.0,0.0,0.0,0.0,0.0,0.0,0.0,0.0,0.0
Tiarella_polyphylla,0.0,0.0,0.0,0.0,0.0,0.0,0.0,0.0,0.0,0.0,0.0,0.0,0.0,1.4047365373231494e-07,4.030632425378729e-07,1.6543367018575629e-06,7.262681571184163e-06,2.9670576045564953e-05,0.00012483727085365795,0.0004183745724953752,0.0010350545488678105,0.002281997772758838,0.004296633342962639,0.007126862017676255,0.0105973760544379,0.01915168513926746,0.027695933579693258,0.04103468012153506,0.057585251997412185,0.057638445172026376,0.05212154650501445,0.055329733862108266,0.06100526881013023,0.0636143386841511,0.0640752268208622,0.07458209617402335,0.09461910385904844,0.09885881648596877,0.10745808944049348,0.06144971052931476,0.020676645659328242,0.01117372180734917,0.004884282750247974,0.0008856666145463676,0.00020964042517940845,2.9848851032547774e-05,0.0,0.0,0.0,0.0
Tiarella_trifoliata,0.0,0.0,0.0,0.0,0.0,0.0,0.0,0.0,0.0,1.0416521801455671e-06,1.9664299028320703e-06,5.591481597100003e-06,1.80762032346096e-05,3.395157850968896e-05,6.98481350709604e-05,0.0001379608905755831,0.0002950292447903545,0.0006297035227241295,0.0017415493283557848,0.005084514232184464,0.01160539352827767,0.020969237621961158,0.033327776758849036,0.055702303156369364,0.07730103807808318,0.10966236495208602,0.11911455899302348,0.10862300341504737,0.1128536720076397,0.09970588659283444,0.06686703299485239,0.06388796352117904,0.06129480594318318,0.031209229369197632,0.009930677958946879,0.007126803766359375,0.002680637412853361,0.00010314456991855376,1.5236660212599576e-05,0.0,0.0,0.0,0.0,0.0,0.0,0.0,0.0,0.0,0.0,0.0
Tolmiea_diplomenziesii,0.0,0.0,0.0,0.0,0.0,0.0,0.0,0.0,0.0,0.0,0.0,0.0,0.0,0.0,0.0,0.0,0.0,0.0,0.0,0.0,0.0,0.0,9.705697192442913e-07,1.881444017632653e-05,0.00029926769066586817,0.003200145258732325,0.01809902562926077,0.03111127311908608,0.0477397221387228,0.08275659683434408,0.1292654133805211,0.18556307859855176,0.24729149890395824,0.20820951700600368,0.03520514694216103,0.005546959168713168,0.002471540754627972,0.002245577443313564,0.0009754521214419896,0.0,0.0,0.0,0.0,0.0,0.0,0.0,0.0,0.0,0.0,0.0
Tolmiea_menziesii,0.0,0.0,0.0,0.0,0.0,0.0,0.0,0.0,0.0,0.0,0.0,0.0,0.0,0.0,0.0,0.0,0.0,0.0,2.871560305917564e-07,8.56889452256492e-06,4.2048679810634775e-05,0.0002202480203402956,0.0009367337976409283,0.004181567830962203,0.010813440252249288,0.02245105048350818,0.031341819225006944,0.04504874227417247,0.06844832181224733,0.1064353814819568,0.1594635788742163,0.27954031241124744,0.21044259313892572,0.06062530566716254,0.0,0.0,0.0,0.0,0.0,0.0,0.0,0.0,0.0,0.0,0.0,0.0,0.0,0.0,0.0,0.0
Heuchera_brevistaminea,0.0,0.0,0.0,0.0,0.0,0.0,0.0,0.0,0.0,0.0,0.0,0.0,0.0,0.0,0.0,0.0,0.0,0.0,0.0,0.0,0.0,0.0,0.0,0.0,0.0,0.0,0.0,0.0,0.0,0.0,0.0,0.0,0.0,0.0,0.0,0.0,0.8,0.2,0.0,0.0,0.0,0.0,0.0,0.0,0.0,0.0,0.0,0.0,0.0,0.0
Heuchera_caespitosa,0.0,0.0,0.0,0.0,0.0,0.0,0.0,0.0,0.0,0.0,0.0,0.0,0.0,0.0,0.0,0.0,0.0,0.0,0.0,0.0,0.0,0.0,0.0,0.0,0.0,0.0,0.07692307692307693,0.07692307692307693,0.0,0.07692307692307693,0.15384615384615385,0.3076923076923077,0.07692307692307693,0.07692307692307693,0.07692307692307693,0.07692307692307693,0.0,0.0,0.0,0.0,0.0,0.0,0.0,0.0,0.0,0.0,0.0,0.0,0.0,0.0
Heuchera_hirsutissima,0.0,0.0,0.0,0.0,0.0,0.0,0.0,0.0,0.0,0.0,0.0,0.0,0.0,0.0,0.0,0.0,0.0,0.0,0.0,0.0,0.0,0.0,0.0,0.0,0.0,0.0,0.0,0.0,0.0,0.0,0.0,0.0,0.07692307692307693,0.38461538461538464,0.4615384615384616,0.0,0.0,0.0,0.0,0.07692307692307693,0.0,0.0,0.0,0.0,0.0,0.0,0.0,0.0,0.0,0.0
Heuchera_inconstans,0.0,0.0,0.0,0.0,0.0,0.0,0.0,0.0,0.0,0.0,0.0,0.0,0.0,0.0,0.0,0.0,0.0,0.0,0.0,0.0,0.0,0.0,0.0,0.0,0.0,0.0,0.0,0.0,0.0,0.0,0.0,0.0,0.14285714285714285,0.14285714285714285,0.0,0.2857142857142857,0.42857142857142855,0.0,0.0,0.0,0.0,0.0,0.0,0.0,0.0,0.0,0.0,0.0,0.0,0.0
Heuchera_lakelae,0.0,0.0,0.0,0.0,0.0,0.0,0.0,0.0,0.0,0.0,0.0,0.0,0.0,0.0,0.0,0.0,0.0,0.0,0.0,0.0,0.0,0.0,0.0,0.0,0.0,0.0,0.0,0.0,0.0,0.5,0.5,0.0,0.0,0.0,0.0,0.0,0.0,0.0,0.0,0.0,0.0,0.0,0.0,0.0,0.0,0.0,0.0,0.0,0.0,0.0
Heuchera_pulchella,0.0,0.0,0.0,0.0,0.0,0.0,0.0,0.0,0.0,0.0,0.0,0.0,0.0,0.0,0.0,0.0,0.0,0.0,0.0,0.0,0.0,0.0,0.0,0.0,0.0,0.14285714285714285,0.5714285714285714,0.0,0.14285714285714285,0.0,0.0,0.14285714285714285,0.0,0.0,0.0,0.0,0.0,0.0,0.0,0.0,0.0,0.0,0.0,0.0,0.0,0.0,0.0,0.0,0.0,0.0
Heuchera_rosendahlii,0.0,0.0,0.0,0.0,0.0,0.0,0.0,0.0,0.0,0.0,0.0,0.0,0.0,0.0,0.0,0.0,0.0,0.0,0.0,0.0,0.0,0.0,0.0,0.0,0.0,0.0,0.0,0.1,0.0,0.1,0.1,0.1,0.1,0.1,0.3,0.1,0.0,0.0,0.0,0.0,0.0,0.0,0.0,0.0,0.0,0.0,0.0,0.0,0.0,0.0
Heuchera_soltisii,0.0,0.0,0.0,0.0,0.0,0.0,0.0,0.0,0.0,0.0,0.0,0.0,0.0,0.0,0.0,0.0,0.0,0.0,0.0,0.0,0.0,0.0,0.0,0.0,0.0,0.0,0.0,0.0,0.0,0.0,0.5,0.0,0.5,0.0,0.0,0.0,0.0,0.0,0.0,0.0,0.0,0.0,0.0,0.0,0.0,0.0,0.0,0.0,0.0,0.0
Heuchera_wellsiae,0.0,0.0,0.0,0.0,0.0,0.0,0.0,0.0,0.0,0.0,0.0,0.0,0.0,0.0,0.0,0.0,0.0,0.0,0.0,0.0,0.0,0.0,0.0,0.0,0.0,0.0,0.0,0.0,0.0,0.0,0.0,0.0,0.0,0.0,0.0,0.0,0.0,0.0,0.0,0.0,0.0,0.0,1.0,0.0,0.0,0.0,0.0,0.0,0.0,0.0
Heuchera_woodsiaphila,0.0,0.0,0.0,0.0,0.0,0.0,0.0,0.0,0.0,0.0,0.0,0.0,0.0,0.0,0.0,0.0,0.0,0.0,0.0,0.0,0.0,0.0,0.0,0.0,0.0,0.0,0.1,0.1,0.0,0.1,0.2,0.2,0.0,0.1,0.0,0.0,0.0,0.0,0.1,0.1,0.0,0.0,0.0,0.0,0.0,0.0,0.0,0.0,0.0,0.0
Lithophragma_maximum,0.0,0.0,0.0,0.0,0.0,0.0,0.0,0.0,0.0,0.0,0.0,0.0,0.0,0.0,0.0,0.0,0.0,0.0,0.0,0.0,0.0,0.0,0.0,0.0,0.0,0.0,0.0,0.0,0.0,0.0,0.0,0.0,0.25,0.0,0.75,0.0,0.0,0.0,0.0,0.0,0.0,0.0,0.0,0.0,0.0,0.0,0.0,0.0,0.0,0.0
Lithophragma_thompsonii,0.0,0.0,0.0,0.0,0.0,0.0,0.0,0.0,0.0,0.0,0.0,0.0,0.0,0.0,0.0,0.0,0.0,0.0,0.0,0.0,0.0,0.0,0.0,0.0,0.0,0.0,0.0,0.0,0.0,0.0,0.0,0.0,0.25,0.0,0.0,0.25,0.25,0.0,0.0,0.25,0.0,0.0,0.0,0.0,0.0,0.0,0.0,0.0,0.0,0.0
Mitella_amamiana,0.0,0.0,0.0,0.0,0.0,0.0,0.0,0.0,0.0,0.0,0.0,0.0,0.0,0.0,0.0,0.0,0.0,0.0,0.0,0.0,0.0,0.0,0.0,0.0,0.0,0.0,0.0,0.0,0.2222222222222222,0.3333333333333333,0.2222222222222222,0.2222222222222222,0.0,0.0,0.0,0.0,0.0,0.0,0.0,0.0,0.0,0.0,0.0,0.0,0.0,0.0,0.0,0.0,0.0,0.0
Mitella_doiana,0.0,0.0,0.0,0.0,0.0,0.0,0.0,0.0,0.0,0.0,0.0,0.0,0.0,0.0,0.0,0.0,0.0,0.0,0.0,0.0,0.0,0.0,0.0,0.0,0.0,0.0,0.0,0.0,0.0,0.0,1.0,0.0,0.0,0.0,0.0,0.0,0.0,0.0,0.0,0.0,0.0,0.0,0.0,0.0,0.0,0.0,0.0,0.0,0.0,0.0
Mitella_integripetala,0.0,0.0,0.0,0.0,0.0,0.0,0.0,0.0,0.0,0.0,0.0,0.0,0.0,0.0,0.0,0.0,0.0,0.0,0.0,0.0,0.0,0.0,0.0,0.0,0.0,0.0,0.0,0.0,0.0,0.0,0.0,0.0,0.2,0.0,0.4,0.2,0.0,0.2,0.0,0.0,0.0,0.0,0.0,0.0,0.0,0.0,0.0,0.0,0.0,0.0
Mitella_kiusiana,0.0,0.0,0.0,0.0,0.0,0.0,0.0,0.0,0.0,0.0,0.0,0.0,0.0,0.0,0.0,0.0,0.0,0.0,0.0,0.0,0.0,0.0,0.0,0.0,0.0,0.0,0.0,0.0,0.0,0.0,0.0,0.0,0.0,0.0,0.0,0.0,0.0,0.0,0.0,0.0,1.0,0.0,0.0,0.0,0.0,0.0,0.0,0.0,0.0,0.0
Mitella_kumaensis,0.0,0.0,0.0,0.0,0.0,0.0,0.0,0.0,0.0,0.0,0.0,0.0,0.0,0.0,0.0,0.0,0.0,0.0,0.0,0.0,0.0,0.0,0.0,0.0,0.0,0.0,0.0,0.0,0.6666666666666666,0.0,0.3333333333333333,0.0,0.0,0.0,0.0,0.0,0.0,0.0,0.0,0.0,0.0,0.0,0.0,0.0,0.0,0.0,0.0,0.0,0.0,0.0
Mitella_yoshinagae,0.0,0.0,0.0,0.0,0.0,0.0,0.0,0.0,0.0,0.0,0.0,0.0,0.0,0.0,0.0,0.0,0.0,0.0,0.0,0.0,0.0,0.0,0.0,0.0,0.0,0.0,0.0,0.0,0.0,0.18181818181818185,0.2727272727272727,0.2727272727272727,0.0,0.09090909090909093,0.18181818181818185,0.0,0.0,0.0,0.0,0.0,0.0,0.0,0.0,0.0,0.0,0.0,0.0,0.0,0.0,0.0
Peltoboykinia_tellimoides,0.0,0.0,0.0,0.0,0.0,0.0,0.0,0.0,0.0,0.0,0.0,0.0,0.0,0.0,0.0,0.0,0.0,0.0,0.0,0.0,0.0,0.0,0.0,0.0,0.0,0.0,0.0,0.0,0.0,0.0,0.0,0.0,0.0,0.0,0.0,0.5,0.5,0.0,0.0,0.0,0.0,0.0,0.0,0.0,0.0,0.0,0.0,0.0,0.0,0.0
