variable,0.0,21.42,42.84,64.26,85.68,107.10000000000001,128.52,149.94,171.36,192.78000000000003,214.20000000000002,235.62,257.04,278.46000000000004,299.88,321.3,342.72,364.14000000000004,385.56000000000006,406.98,428.40000000000003,449.82000000000005,471.24,492.66,514.08,535.5,556.9200000000001,578.34,599.76,621.1800000000001,642.6,664.0200000000001,685.44,706.86,728.2800000000001,749.7,771.1200000000001,792.5400000000001,813.96,835.3800000000001,856.8000000000001,878.22,899.6400000000001,921.0600000000001,942.48,963.9000000000001,985.32,1006.7400000000001,1028.16,1049.5800000000002
Bensoniella_oregona,0.0,0.0799864764704047,0.7600830866237884,0.15404963033847816,0.005544288730404733,0.00029230255798184414,2.2987903286252327e-05,1.3733709997802015e-05,5.283567997383158e-06,1.9762581841792216e-06,2.33839476516507e-07,0.0,0.0,0.0,0.0,0.0,0.0,0.0,0.0,0.0,0.0,0.0,0.0,0.0,0.0,0.0,0.0,0.0,0.0,0.0,0.0,0.0,0.0,0.0,0.0,0.0,0.0,0.0,0.0,0.0,0.0,0.0,0.0,0.0,0.0,0.0,0.0,0.0,0.0,0.0
Conimitella_williamsii,0.022051282236404384,0.6240737809776226,0.3001191064729916,0.047213328876944335,0.005889775790076637,0.0005787282974840656,6.421835772907611e-05,9.778990747301387e-06,0.0,0.0,0.0,0.0,0.0,0.0,0.0,0.0,0.0,0.0,0.0,0.0,0.0,0.0,0.0,0.0,0.0,0.0,0.0,0.0,0.0,0.0,0.0,0.0,0.0,0.0,0.0,0.0,0.0,0.0,0.0,0.0,0.0,0.0,0.0,0.0,0.0,0.0,0.0,0.0,0.0,0.0
Darmera_peltata,0.016084701045299042,0.2968431633107568,0.5653892438478179,0.1068448620626049,0.011486652762605824,0.0024875128053363717,0.0006421036776811697,0.00017204988698580042,2.9045922361255902e-05,8.566751969102431e-06,4.5833664373134625e-06,3.809553551932846e-06,2.2437232491396814e-06,1.221472350721382e-06,2.3981099295333534e-07,0.0,0.0,0.0,0.0,0.0,0.0,0.0,0.0,0.0,0.0,0.0,0.0,0.0,0.0,0.0,0.0,0.0,0.0,0.0,0.0,0.0,0.0,0.0,0.0,0.0,0.0,0.0,0.0,0.0,0.0,0.0,0.0,0.0,0.0,0.0
Elmera_racemosa,0.011230042006642694,0.06893599384691403,0.15947428120233612,0.3845713219880949,0.30236030293083554,0.040646505820857326,0.012625356177814543,0.010441561511557413,0.005296416453951721,0.002568371821848055,0.00100084625675889,0.0003797309741853803,0.0002750688708687701,0.00011096398732777051,6.29470108842512e-05,1.3725206390489987e-05,0.0,6.563932732128745e-06,0.0,0.0,0.0,0.0,0.0,0.0,0.0,0.0,0.0,0.0,0.0,0.0,0.0,0.0,0.0,0.0,0.0,0.0,0.0,0.0,0.0,0.0,0.0,0.0,0.0,0.0,0.0,0.0,0.0,0.0,0.0,0.0
Heuchera_abramsii,0.001187969505469876,0.5389044688516265,0.4599075616429038,0.0,0.0,0.0,0.0,0.0,0.0,0.0,0.0,0.0,0.0,0.0,0.0,0.0,0.0,0.0,0.0,0.0,0.0,0.0,0.0,0.0,0.0,0.0,0.0,0.0,0.0,0.0,0.0,0.0,0.0,0.0,0.0,0.0,0.0,0.0,0.0,0.0,0.0,0.0,0.0,0.0,0.0,0.0,0.0,0.0,0.0,0.0
Heuchera_acutifolia,0.17629765983672907,0.264171041531546,0.4765006941120417,0.06967676284068215,0.01135531555786109,0.001998526121140013,0.0,0.0,0.0,0.0,0.0,0.0,0.0,0.0,0.0,0.0,0.0,0.0,0.0,0.0,0.0,0.0,0.0,0.0,0.0,0.0,0.0,0.0,0.0,0.0,0.0,0.0,0.0,0.0,0.0,0.0,0.0,0.0,0.0,0.0,0.0,0.0,0.0,0.0,0.0,0.0,0.0,0.0,0.0,0.0
Heuchera_alba,0.0005375630831066903,0.4687721177640433,0.3253942583118872,0.10110818101980906,0.08901531298498172,0.014620740331116116,0.0005375663893749333,1.4260115681029957e-05,0.0,0.0,0.0,0.0,0.0,0.0,0.0,0.0,0.0,0.0,0.0,0.0,0.0,0.0,0.0,0.0,0.0,0.0,0.0,0.0,0.0,0.0,0.0,0.0,0.0,0.0,0.0,0.0,0.0,0.0,0.0,0.0,0.0,0.0,0.0,0.0,0.0,0.0,0.0,0.0,0.0,0.0
Heuchera_americana,0.3032199730596448,0.5359784487830764,0.10768822172434707,0.029189705327314224,0.015052357357144322,0.004994485324024517,0.001853341844803509,0.000913407812854002,0.0004687168861511002,0.000256151070861662,0.00015494814493422063,9.248637760811784e-05,5.4163288757372935e-05,2.372105839006101e-05,1.9488283935611087e-05,1.3300045436560182e-05,8.914983562530554e-06,6.510369079497316e-06,5.067149907896775e-06,4.512884731333168e-06,7.443891462085947e-07,7.85986343358884e-07,5.093940783143839e-07,3.8453867305416406e-08,0.0,0.0,0.0,0.0,0.0,0.0,0.0,0.0,0.0,0.0,0.0,0.0,0.0,0.0,0.0,0.0,0.0,0.0,0.0,0.0,0.0,0.0,0.0,0.0,0.0,0.0
Heuchera_bracteata,0.003138523386317104,0.5471302721532111,0.4083975031934672,0.037759544956208084,0.0035337657382897955,1.683608253197109e-05,1.1346767766380638e-05,1.2207722208383866e-05,0.0,0.0,0.0,0.0,0.0,0.0,0.0,0.0,0.0,0.0,0.0,0.0,0.0,0.0,0.0,0.0,0.0,0.0,0.0,0.0,0.0,0.0,0.0,0.0,0.0,0.0,0.0,0.0,0.0,0.0,0.0,0.0,0.0,0.0,0.0,0.0,0.0,0.0,0.0,0.0,0.0,0.0
Heuchera_caroliniana,0.5634982848902038,0.39774043154393496,0.03402038147887698,0.0037192504894581375,0.0005409847156263224,0.0001757593907930166,0.0002103459124007457,8.13510800522331e-05,1.3210498653740386e-05,0.0,0.0,0.0,0.0,0.0,0.0,0.0,0.0,0.0,0.0,0.0,0.0,0.0,0.0,0.0,0.0,0.0,0.0,0.0,0.0,0.0,0.0,0.0,0.0,0.0,0.0,0.0,0.0,0.0,0.0,0.0,0.0,0.0,0.0,0.0,0.0,0.0,0.0,0.0,0.0,0.0
Heuchera_chlorantha,0.0007344962244873933,0.1715638189350554,0.43707732572401337,0.2291897397118127,0.0892039310235336,0.03113325527983845,0.01952401893649769,0.0127633351363396,0.005550581564946544,0.0021003753176976575,0.0006395433721875702,0.0002706775446033532,0.00012369067965142976,4.8876662430775677e-05,5.144103140750321e-05,2.360217736401333e-05,0.0,1.2906781329527463e-06,0.0,0.0,0.0,0.0,0.0,0.0,0.0,0.0,0.0,0.0,0.0,0.0,0.0,0.0,0.0,0.0,0.0,0.0,0.0,0.0,0.0,0.0,0.0,0.0,0.0,0.0,0.0,0.0,0.0,0.0,0.0,0.0
Heuchera_cylindrica,0.1078850676390128,0.4526663628287579,0.27863030575052405,0.12180565249666275,0.033984512576273294,0.004050882396191307,0.0006229949150605606,0.0002214252930480333,7.809432521308674e-05,3.622255520673689e-05,1.1484801751879302e-05,6.818637090656948e-06,1.0742667778062202e-07,6.835852925612947e-08,0.0,0.0,0.0,0.0,0.0,0.0,0.0,0.0,0.0,0.0,0.0,0.0,0.0,0.0,0.0,0.0,0.0,0.0,0.0,0.0,0.0,0.0,0.0,0.0,0.0,0.0,0.0,0.0,0.0,0.0,0.0,0.0,0.0,0.0,0.0,0.0
Heuchera_eastwoodiae,0.3874854524569126,0.6115161970331788,0.0009983505099084645,0.0,0.0,0.0,0.0,0.0,0.0,0.0,0.0,0.0,0.0,0.0,0.0,0.0,0.0,0.0,0.0,0.0,0.0,0.0,0.0,0.0,0.0,0.0,0.0,0.0,0.0,0.0,0.0,0.0,0.0,0.0,0.0,0.0,0.0,0.0,0.0,0.0,0.0,0.0,0.0,0.0,0.0,0.0,0.0,0.0,0.0,0.0
Heuchera_elegans,0.0525569440551622,0.8837024854093694,0.06374057053546836,0.0,0.0,0.0,0.0,0.0,0.0,0.0,0.0,0.0,0.0,0.0,0.0,0.0,0.0,0.0,0.0,0.0,0.0,0.0,0.0,0.0,0.0,0.0,0.0,0.0,0.0,0.0,0.0,0.0,0.0,0.0,0.0,0.0,0.0,0.0,0.0,0.0,0.0,0.0,0.0,0.0,0.0,0.0,0.0,0.0,0.0,0.0
Heuchera_glabra,0.001600456995149728,0.017699920216072876,0.08670007547723971,0.2755172313981579,0.3591424412125018,0.16419146021411987,0.05786124749158965,0.020305208656375983,0.008141567929097879,0.004154072394858828,0.0020772095710942136,0.0012802885547006436,0.000656203859569562,0.00034532609502665773,0.00017219098042976286,7.218492643591705e-05,2.766359886602481e-05,1.7976239059507262e-05,1.4690443163646606e-05,1.0270062930712616e-05,7.274547778443794e-06,4.0674916451268835e-06,6.300214062659835e-07,1.657509326184537e-07,0.0,1.7587179674667993e-07,0.0,0.0,0.0,0.0,0.0,0.0,0.0,0.0,0.0,0.0,0.0,0.0,0.0,0.0,0.0,0.0,0.0,0.0,0.0,0.0,0.0,0.0,0.0,0.0
Heuchera_glomerulata,0.5440441973688243,0.4082658681854601,0.035782382343896635,0.011687688279576542,0.0001064550395105538,0.0001134087827319136,0.0,0.0,0.0,0.0,0.0,0.0,0.0,0.0,0.0,0.0,0.0,0.0,0.0,0.0,0.0,0.0,0.0,0.0,0.0,0.0,0.0,0.0,0.0,0.0,0.0,0.0,0.0,0.0,0.0,0.0,0.0,0.0,0.0,0.0,0.0,0.0,0.0,0.0,0.0,0.0,0.0,0.0,0.0,0.0
Heuchera_grossulariifolia,0.057203439735515275,0.6370001198663167,0.2740622322004961,0.02972545254196997,0.0017281083328054413,0.00019476778809831823,6.627464216678764e-05,5.7381533327516275e-06,1.3866739298705487e-05,0.0,0.0,0.0,0.0,0.0,0.0,0.0,0.0,0.0,0.0,0.0,0.0,0.0,0.0,0.0,0.0,0.0,0.0,0.0,0.0,0.0,0.0,0.0,0.0,0.0,0.0,0.0,0.0,0.0,0.0,0.0,0.0,0.0,0.0,0.0,0.0,0.0,0.0,0.0,0.0,0.0
Heuchera_hallii,0.057771228155033924,0.5162417571478101,0.3973561259797673,0.02724774673348548,0.0010414587731558786,0.00029933597645112847,4.2347234296241526e-05,0.0,0.0,0.0,0.0,0.0,0.0,0.0,0.0,0.0,0.0,0.0,0.0,0.0,0.0,0.0,0.0,0.0,0.0,0.0,0.0,0.0,0.0,0.0,0.0,0.0,0.0,0.0,0.0,0.0,0.0,0.0,0.0,0.0,0.0,0.0,0.0,0.0,0.0,0.0,0.0,0.0,0.0,0.0
Heuchera_longiflora,0.041139291361915714,0.9268719636286732,0.031025847579216836,0.0008761292113593218,7.614836433667818e-05,5.021885171047226e-06,3.126871184673021e-06,2.444703213857357e-06,1.042957935129918e-08,1.5965349057291052e-08,0.0,0.0,0.0,0.0,0.0,0.0,0.0,0.0,0.0,0.0,0.0,0.0,0.0,0.0,0.0,0.0,0.0,0.0,0.0,0.0,0.0,0.0,0.0,0.0,0.0,0.0,0.0,0.0,0.0,0.0,0.0,0.0,0.0,0.0,0.0,0.0,0.0,0.0,0.0,0.0
Heuchera_longipetala,0.4941303729373096,0.2591054085134624,0.2152117113745341,0.026810883180233783,0.0037167876393491657,0.0009178389906215973,0.00010697317688357863,2.4187605776469214e-08,0.0,0.0,0.0,0.0,0.0,0.0,0.0,0.0,0.0,0.0,0.0,0.0,0.0,0.0,0.0,0.0,0.0,0.0,0.0,0.0,0.0,0.0,0.0,0.0,0.0,0.0,0.0,0.0,0.0,0.0,0.0,0.0,0.0,0.0,0.0,0.0,0.0,0.0,0.0,0.0,0.0,0.0
Heuchera_maxima,0.007355978157691169,0.8570742505043297,0.13054622407232722,0.005023547265651917,0.0,0.0,0.0,0.0,0.0,0.0,0.0,0.0,0.0,0.0,0.0,0.0,0.0,0.0,0.0,0.0,0.0,0.0,0.0,0.0,0.0,0.0,0.0,0.0,0.0,0.0,0.0,0.0,0.0,0.0,0.0,0.0,0.0,0.0,0.0,0.0,0.0,0.0,0.0,0.0,0.0,0.0,0.0,0.0,0.0,0.0
Heuchera_merriamii,0.0002525425624808561,0.08161280075515008,0.4907066520304648,0.3784237819863507,0.046083961546954176,0.0022464541722750984,0.0006738069463242945,0.0,0.0,0.0,0.0,0.0,0.0,0.0,0.0,0.0,0.0,0.0,0.0,0.0,0.0,0.0,0.0,0.0,0.0,0.0,0.0,0.0,0.0,0.0,0.0,0.0,0.0,0.0,0.0,0.0,0.0,0.0,0.0,0.0,0.0,0.0,0.0,0.0,0.0,0.0,0.0,0.0,0.0,0.0
Heuchera_mexicana,0.5824961798775896,0.376249263603564,0.039114870214371725,0.0018944955960781128,8.970051322486346e-05,4.716704044599135e-05,1.198432338673531e-05,9.798863666809143e-06,6.686993747579981e-06,1.838241061757816e-05,7.477580599476787e-06,1.5963926621199295e-05,1.2442046313530173e-05,8.142047266196519e-06,9.53660121894784e-06,4.076759014830176e-06,1.908450295871528e-06,1.923151976952956e-06,0.0,0.0,0.0,0.0,0.0,0.0,0.0,0.0,0.0,0.0,0.0,0.0,0.0,0.0,0.0,0.0,0.0,0.0,0.0,0.0,0.0,0.0,0.0,0.0,0.0,0.0,0.0,0.0,0.0,0.0,0.0,0.0
Heuchera_micrantha,0.010198510357372329,0.19143520475238776,0.32045383646790965,0.21901383306400965,0.15654557443905304,0.06221663411433121,0.023821794894618643,0.010559119126001295,0.0035373971111321728,0.0013360096367873845,0.0004756008239889512,0.00018965659519797832,0.0001142086503560007,5.678765404804611e-05,2.49634091225817e-05,1.3477582193911985e-05,3.6434203621901116e-06,2.6592276292051133e-06,0.0,0.0,1.0886734979952366e-06,0.0,0.0,0.0,0.0,0.0,0.0,0.0,0.0,0.0,0.0,0.0,0.0,0.0,0.0,0.0,0.0,0.0,0.0,0.0,0.0,0.0,0.0,0.0,0.0,0.0,0.0,0.0,0.0,0.0
Heuchera_missouriensis,0.5068158700693639,0.4797220567058539,0.012654246993414851,0.0007449429002778638,5.683643896456036e-05,6.0468921244456625e-06,0.0,0.0,0.0,0.0,0.0,0.0,0.0,0.0,0.0,0.0,0.0,0.0,0.0,0.0,0.0,0.0,0.0,0.0,0.0,0.0,0.0,0.0,0.0,0.0,0.0,0.0,0.0,0.0,0.0,0.0,0.0,0.0,0.0,0.0,0.0,0.0,0.0,0.0,0.0,0.0,0.0,0.0,0.0,0.0
Heuchera_novomexicana,0.2255779697032198,0.6897424139607261,0.0799622163763496,0.004687135906318818,2.8253393172785638e-05,2.838254365290712e-07,1.7268347760154843e-06,0.0,0.0,0.0,0.0,0.0,0.0,0.0,0.0,0.0,0.0,0.0,0.0,0.0,0.0,0.0,0.0,0.0,0.0,0.0,0.0,0.0,0.0,0.0,0.0,0.0,0.0,0.0,0.0,0.0,0.0,0.0,0.0,0.0,0.0,0.0,0.0,0.0,0.0,0.0,0.0,0.0,0.0,0.0
Heuchera_parishii,0.043267803774147184,0.8610124740075359,0.09458975301182884,0.0,0.0011299692064879266,0.0,0.0,0.0,0.0,0.0,0.0,0.0,0.0,0.0,0.0,0.0,0.0,0.0,0.0,0.0,0.0,0.0,0.0,0.0,0.0,0.0,0.0,0.0,0.0,0.0,0.0,0.0,0.0,0.0,0.0,0.0,0.0,0.0,0.0,0.0,0.0,0.0,0.0,0.0,0.0,0.0,0.0,0.0,0.0,0.0
Heuchera_parviflora,0.013611323044464212,0.852637737135403,0.12083586692565072,0.011682975494253608,0.001069099377668808,0.00012359291245076743,2.465103134310057e-05,6.617294777355552e-06,4.615322358249771e-06,3.521461630115139e-06,0.0,0.0,0.0,0.0,0.0,0.0,0.0,0.0,0.0,0.0,0.0,0.0,0.0,0.0,0.0,0.0,0.0,0.0,0.0,0.0,0.0,0.0,0.0,0.0,0.0,0.0,0.0,0.0,0.0,0.0,0.0,0.0,0.0,0.0,0.0,0.0,0.0,0.0,0.0,0.0
Heuchera_parvifolia,0.17908281487009114,0.5824702905908433,0.2018837876798908,0.033245878116271464,0.0025612982568457136,0.0004452522801794536,0.00017171842182270438,7.427733711776198e-05,3.726540524794426e-05,1.4810508464582254e-05,4.413309052021093e-06,1.1471988490346171e-06,2.3640653732953587e-06,1.9924667772765497e-08,0.0,1.152152947570058e-06,0.0,1.144663661644715e-06,1.2035916285118827e-06,0.0,1.1616270425911723e-06,0.0,0.0,0.0,0.0,0.0,0.0,0.0,0.0,0.0,0.0,0.0,0.0,0.0,0.0,0.0,0.0,0.0,0.0,0.0,0.0,0.0,0.0,0.0,0.0,0.0,0.0,0.0,0.0,0.0
Heuchera_pilosissima,0.00364477869886246,0.4319441872420561,0.32887159237896163,0.07453976789965898,0.05098712086271008,0.03878959011456457,0.044932776895889606,0.023820238033301744,0.0021775583160520548,0.0002098943928940616,2.565065932098436e-06,7.035351589609087e-05,3.4816280341162202e-06,6.094955186491319e-06,0.0,0.0,0.0,0.0,0.0,0.0,0.0,0.0,0.0,0.0,0.0,0.0,0.0,0.0,0.0,0.0,0.0,0.0,0.0,0.0,0.0,0.0,0.0,0.0,0.0,0.0,0.0,0.0,0.0,0.0,0.0,0.0,0.0,0.0,0.0,0.0
Heuchera_puberula,0.7311258568769705,0.2615921570929897,0.007017670578398182,0.0002608868874887499,2.463316936079097e-06,9.652472170131093e-07,0.0,0.0,0.0,0.0,0.0,0.0,0.0,0.0,0.0,0.0,0.0,0.0,0.0,0.0,0.0,0.0,0.0,0.0,0.0,0.0,0.0,0.0,0.0,0.0,0.0,0.0,0.0,0.0,0.0,0.0,0.0,0.0,0.0,0.0,0.0,0.0,0.0,0.0,0.0,0.0,0.0,0.0,0.0,0.0
Heuchera_pubescens,0.05506993333466026,0.7748219043470082,0.15566843029348051,0.009911134543888428,0.004130600234105743,0.00039006110521820327,7.670136407872029e-06,2.660052308174557e-07,0.0,0.0,0.0,0.0,0.0,0.0,0.0,0.0,0.0,0.0,0.0,0.0,0.0,0.0,0.0,0.0,0.0,0.0,0.0,0.0,0.0,0.0,0.0,0.0,0.0,0.0,0.0,0.0,0.0,0.0,0.0,0.0,0.0,0.0,0.0,0.0,0.0,0.0,0.0,0.0,0.0,0.0
Heuchera_richardsonii,0.1063535436473208,0.5729373817396646,0.19453149585819204,0.05095445386207882,0.02258432663050839,0.01142571797468335,0.007288434296845682,0.006121683857017554,0.005248253134246234,0.004838216102439826,0.003701409193601743,0.0030976859015682066,0.0022887848789506127,0.001696648755102069,0.0013409505928065242,0.0010176910703845706,0.0008828333312002893,0.0007264342096021848,0.0006047527664497832,0.000524078308174792,0.0004087107298736072,0.00036368663583207205,0.00026283665251070824,0.0002195558724097647,0.00015092243150323956,0.0001137642998436894,9.934932811478008e-05,6.461509407260947e-05,4.822017790636959e-05,3.2090555365243464e-05,2.205194832549294e-05,1.6551780584504875e-05,1.0134764091413667e-05,6.9366299779109894e-06,5.1102763799174375e-06,4.397184364063279e-06,2.6953356144862173e-06,1.9627609990149943e-06,9.526712587461766e-07,3.971901476949783e-07,1.7215538415047428e-07,4.397247134178322e-08,5.896193585167751e-08,6.480195219964667e-09,0.0,0.0,0.0,0.0,0.0,0.0
Heuchera_rubescens,0.27790214138459945,0.4157705826309004,0.221409935094969,0.0675370020357591,0.011847490668259806,0.0024278555296216647,0.0016985035304794653,0.0007792864686379775,0.000311236429498112,0.00018083269083592687,6.019433002270919e-05,1.4446301125939466e-05,2.033239550960494e-05,7.52044385612772e-07,5.636335102923221e-07,9.047132073675792e-06,2.515196465143116e-07,1.0164773564384337e-05,9.863933317736444e-06,0.0,9.51747328252984e-06,0.0,0.0,0.0,0.0,0.0,0.0,0.0,0.0,0.0,0.0,0.0,0.0,0.0,0.0,0.0,0.0,0.0,0.0,0.0,0.0,0.0,0.0,0.0,0.0,0.0,0.0,0.0,0.0,0.0
Heuchera_sanguinea,0.7580214520984376,0.2380309442617732,0.003880616366250528,6.590954966607593e-05,2.346769477757089e-07,0.0,3.200225938627941e-07,0.0,3.207692548741396e-07,2.0225507602721206e-07,0.0,0.0,0.0,0.0,0.0,0.0,0.0,0.0,0.0,0.0,0.0,0.0,0.0,0.0,0.0,0.0,0.0,0.0,0.0,0.0,0.0,0.0,0.0,0.0,0.0,0.0,0.0,0.0,0.0,0.0,0.0,0.0,0.0,0.0,0.0,0.0,0.0,0.0,0.0,0.0
Heuchera_versicolor,0.5429631440599562,0.4208728049179552,0.031110631941872725,0.004891635233742918,9.056139964240484e-05,6.279504026763001e-05,3.0406073801810133e-06,4.975033918115641e-06,1.7623087044927444e-07,1.388046130913814e-07,0.0,9.672978130127406e-08,0.0,0.0,0.0,0.0,0.0,0.0,0.0,0.0,0.0,0.0,0.0,0.0,0.0,0.0,0.0,0.0,0.0,0.0,0.0,0.0,0.0,0.0,0.0,0.0,0.0,0.0,0.0,0.0,0.0,0.0,0.0,0.0,0.0,0.0,0.0,0.0,0.0,0.0
Heuchera_villosa,0.17761644023307427,0.6744520575343617,0.12515646932599025,0.017435188789920033,0.004810849850053114,0.0004685218795609905,4.562858142474291e-05,7.38819892312762e-06,7.455606691811156e-06,0.0,0.0,0.0,0.0,0.0,0.0,0.0,0.0,0.0,0.0,0.0,0.0,0.0,0.0,0.0,0.0,0.0,0.0,0.0,0.0,0.0,0.0,0.0,0.0,0.0,0.0,0.0,0.0,0.0,0.0,0.0,0.0,0.0,0.0,0.0,0.0,0.0,0.0,0.0,0.0,0.0
Heuchera_wootonii,0.13518410295199573,0.7407797501151394,0.11771584499660688,0.006320301936258006,0.0,0.0,0.0,0.0,0.0,0.0,0.0,0.0,0.0,0.0,0.0,0.0,0.0,0.0,0.0,0.0,0.0,0.0,0.0,0.0,0.0,0.0,0.0,0.0,0.0,0.0,0.0,0.0,0.0,0.0,0.0,0.0,0.0,0.0,0.0,0.0,0.0,0.0,0.0,0.0,0.0,0.0,0.0,0.0,0.0,0.0
Lithophragma_affine,0.20296163483584176,0.634782346544266,0.14233326412178918,0.014259399209807459,0.002915215791638491,0.001240882877133359,0.0007599760985635643,0.0004069742772692454,0.00016742220397497208,9.068426641045868e-05,4.7804317080203705e-05,2.3423584013665908e-05,7.939825187666714e-06,3.0320470239520108e-06,0.0,0.0,0.0,0.0,0.0,0.0,0.0,0.0,0.0,0.0,0.0,0.0,0.0,0.0,0.0,0.0,0.0,0.0,0.0,0.0,0.0,0.0,0.0,0.0,0.0,0.0,0.0,0.0,0.0,0.0,0.0,0.0,0.0,0.0,0.0,0.0
Lithophragma_bolanderi,0.18824113933932252,0.6551096595231476,0.13136811579069574,0.016760284724710958,0.004019490785451676,0.0017326079089732768,0.0011255769783150712,0.0007618103464390117,0.0004350893515797194,0.0002472038946401283,0.0001059754647031842,6.073449830587306e-05,3.231139371514222e-05,0.0,0.0,0.0,0.0,0.0,0.0,0.0,0.0,0.0,0.0,0.0,0.0,0.0,0.0,0.0,0.0,0.0,0.0,0.0,0.0,0.0,0.0,0.0,0.0,0.0,0.0,0.0,0.0,0.0,0.0,0.0,0.0,0.0,0.0,0.0,0.0,0.0
Lithophragma_campanulatum,0.008296717614609183,0.2630946600458017,0.5776146150541351,0.13013707594665422,0.015411573438437616,0.0025357118602467236,0.0013108597270189788,0.0008380703624372985,0.00043005269099830273,0.00022081101131667745,7.664500167598255e-05,2.3362303823282628e-05,4.935882904709279e-06,3.5427968031701127e-06,1.3662631370677994e-06,0.0,0.0,0.0,0.0,0.0,0.0,0.0,0.0,0.0,0.0,0.0,0.0,0.0,0.0,0.0,0.0,0.0,0.0,0.0,0.0,0.0,0.0,0.0,0.0,0.0,0.0,0.0,0.0,0.0,0.0,0.0,0.0,0.0,0.0,0.0
Lithophragma_cymbalaria,0.1930917251815819,0.7593166022034107,0.043589079788119316,0.002146302486200837,0.0008484220980570286,0.0003826715169729253,0.00033439747188782683,0.00013415608179515024,6.69908454311751e-05,3.1868209180584306e-05,1.9483011885734187e-05,1.867761109316987e-05,8.360507435711873e-06,7.233560717887593e-06,3.706757269079374e-06,3.226689609822087e-07,0.0,0.0,0.0,0.0,0.0,0.0,0.0,0.0,0.0,0.0,0.0,0.0,0.0,0.0,0.0,0.0,0.0,0.0,0.0,0.0,0.0,0.0,0.0,0.0,0.0,0.0,0.0,0.0,0.0,0.0,0.0,0.0,0.0,0.0
Lithophragma_glabrum,0.14992939269403746,0.5540759598422151,0.2309416446776501,0.05299042193969382,0.009409505360911192,0.0017926500598075164,0.0005522701253999831,0.00018844938216847323,9.060310665592448e-05,2.9102811460684278e-05,0.0,0.0,0.0,0.0,0.0,0.0,0.0,0.0,0.0,0.0,0.0,0.0,0.0,0.0,0.0,0.0,0.0,0.0,0.0,0.0,0.0,0.0,0.0,0.0,0.0,0.0,0.0,0.0,0.0,0.0,0.0,0.0,0.0,0.0,0.0,0.0,0.0,0.0,0.0,0.0
Lithophragma_heterophyllum,0.09893977902137467,0.6355822074271268,0.22660777312367894,0.032472023280527895,0.0040852619239347574,0.0010188353457140915,0.0005849238901487578,0.0003462418515592734,0.00015020191781555005,8.605334687776075e-05,4.800458063372325e-05,3.8757621992804994e-05,2.091949159376331e-05,1.301847670075665e-05,4.200917628142984e-06,1.7977826923339343e-06,0.0,0.0,0.0,0.0,0.0,0.0,0.0,0.0,0.0,0.0,0.0,0.0,0.0,0.0,0.0,0.0,0.0,0.0,0.0,0.0,0.0,0.0,0.0,0.0,0.0,0.0,0.0,0.0,0.0,0.0,0.0,0.0,0.0,0.0
Lithophragma_parviflorum,0.1979624096180161,0.5253081728434134,0.1885171333205337,0.05874194998089227,0.02152133708495888,0.0051357018097310785,0.0015130617468703286,0.0006609215034752668,0.0002746130842200501,0.00014370784759503883,9.22576925930845e-05,5.142223840798557e-05,3.0038880553506825e-05,1.3472172699290448e-05,1.623122693016677e-05,9.302977084984046e-06,8.182978923636946e-06,4.143103696431618e-08,9.099750525798218e-09,0.0,3.246231357634345e-08,0.0,0.0,0.0,0.0,0.0,0.0,0.0,0.0,0.0,0.0,0.0,0.0,0.0,0.0,0.0,0.0,0.0,0.0,0.0,0.0,0.0,0.0,0.0,0.0,0.0,0.0,0.0,0.0,0.0
Lithophragma_tenellum,0.2328731745861264,0.6122032006329625,0.12458250279525718,0.022678477870333325,0.004661217843182791,0.0015265853937573481,0.0008156640155421593,0.0004025371703037717,0.00025663969253477244,0.0,0.0,0.0,0.0,0.0,0.0,0.0,0.0,0.0,0.0,0.0,0.0,0.0,0.0,0.0,0.0,0.0,0.0,0.0,0.0,0.0,0.0,0.0,0.0,0.0,0.0,0.0,0.0,0.0,0.0,0.0,0.0,0.0,0.0,0.0,0.0,0.0,0.0,0.0,0.0,0.0
Lithophragma_trifoliatum,0.17886815225092864,0.7238389117715652,0.08971916470790532,0.006849249515168389,0.0006676828950656253,5.683885936681861e-05,0.0,0.0,0.0,0.0,0.0,0.0,0.0,0.0,0.0,0.0,0.0,0.0,0.0,0.0,0.0,0.0,0.0,0.0,0.0,0.0,0.0,0.0,0.0,0.0,0.0,0.0,0.0,0.0,0.0,0.0,0.0,0.0,0.0,0.0,0.0,0.0,0.0,0.0,0.0,0.0,0.0,0.0,0.0,0.0
Mitella_acerina,0.0,0.05813207696248913,0.3381878821578653,0.3974827722493388,0.17899862094719554,0.02689221138489025,0.00030643629822102247,0.0,0.0,0.0,0.0,0.0,0.0,0.0,0.0,0.0,0.0,0.0,0.0,0.0,0.0,0.0,0.0,0.0,0.0,0.0,0.0,0.0,0.0,0.0,0.0,0.0,0.0,0.0,0.0,0.0,0.0,0.0,0.0,0.0,0.0,0.0,0.0,0.0,0.0,0.0,0.0,0.0,0.0,0.0
Mitella_breweri,0.006237246591208542,0.1967017570677494,0.3389183986721083,0.2875208733763091,0.13735475632409344,0.02089973852495997,0.006840867799640396,0.0034307350760490298,0.0012495681182061705,0.0004964672733093047,0.0001775839425722219,6.863842001462263e-05,4.880764745120918e-05,1.4557177352576953e-05,1.0234634977745467e-05,1.0285985101812696e-05,0.0,6.831291763824891e-06,5.518058177563048e-06,0.0,7.134018954475262e-06,0.0,0.0,0.0,0.0,0.0,0.0,0.0,0.0,0.0,0.0,0.0,0.0,0.0,0.0,0.0,0.0,0.0,0.0,0.0,0.0,0.0,0.0,0.0,0.0,0.0,0.0,0.0,0.0,0.0
Mitella_caulescens,0.006608378682895883,0.1609014042396805,0.4064716389533562,0.2412276677201637,0.11128822486455772,0.035874950270291237,0.01973419042559689,0.011340692306216569,0.0042904114792615775,0.0014906108854557192,0.0004179702349370885,0.00018348939494039265,9.654407829753202e-05,3.870845302321801e-05,2.1709815363125648e-05,1.256962418222144e-05,0.0,8.385717803825256e-07,0.0,0.0,0.0,0.0,0.0,0.0,0.0,0.0,0.0,0.0,0.0,0.0,0.0,0.0,0.0,0.0,0.0,0.0,0.0,0.0,0.0,0.0,0.0,0.0,0.0,0.0,0.0,0.0,0.0,0.0,0.0,0.0
Mitella_diphylla,0.07527763041932556,0.30815137562793704,0.28060742899384483,0.1686748301030285,0.09402669495375028,0.03865823755360152,0.017548658102376817,0.008888794454582778,0.004102743439554739,0.002078499128533267,0.0009810400556150608,0.0005099825797619947,0.0002505520747080298,0.00011450219737750005,7.056522174773633e-05,2.558708884160203e-05,1.356712914039224e-05,1.2339549813750494e-05,4.5722675060478784e-06,1.696889489413383e-06,0.0,6.34603202601283e-07,6.756626100112955e-08,0.0,0.0,0.0,0.0,0.0,0.0,0.0,0.0,0.0,0.0,0.0,0.0,0.0,0.0,0.0,0.0,0.0,0.0,0.0,0.0,0.0,0.0,0.0,0.0,0.0,0.0,0.0
Mitella_diversifolia,0.0008010546157225021,0.3040133015840401,0.5528901274248604,0.12163868561643255,0.015575111002832003,0.0026596301356860822,0.000981889397119693,0.0006081828768138274,0.0005530372325550872,0.000278980113937687,0.0,0.0,0.0,0.0,0.0,0.0,0.0,0.0,0.0,0.0,0.0,0.0,0.0,0.0,0.0,0.0,0.0,0.0,0.0,0.0,0.0,0.0,0.0,0.0,0.0,0.0,0.0,0.0,0.0,0.0,0.0,0.0,0.0,0.0,0.0,0.0,0.0,0.0,0.0,0.0
Mitella_formosana,3.683218794454384e-05,0.029098456745827717,0.11015950807801747,0.3533473929423578,0.3677063250174313,0.12107797676147905,0.016420951351299163,0.00215255691564292,0.0,0.0,0.0,0.0,0.0,0.0,0.0,0.0,0.0,0.0,0.0,0.0,0.0,0.0,0.0,0.0,0.0,0.0,0.0,0.0,0.0,0.0,0.0,0.0,0.0,0.0,0.0,0.0,0.0,0.0,0.0,0.0,0.0,0.0,0.0,0.0,0.0,0.0,0.0,0.0,0.0,0.0
Mitella_furusei,0.0,0.07538232180105386,0.4012648865036596,0.322227214855481,0.1740148483906993,0.02613195361288921,0.0009787748362170801,0.0,0.0,0.0,0.0,0.0,0.0,0.0,0.0,0.0,0.0,0.0,0.0,0.0,0.0,0.0,0.0,0.0,0.0,0.0,0.0,0.0,0.0,0.0,0.0,0.0,0.0,0.0,0.0,0.0,0.0,0.0,0.0,0.0,0.0,0.0,0.0,0.0,0.0,0.0,0.0,0.0,0.0,0.0
Mitella_japonica,0.0,0.1220649861823138,0.5084614287977236,0.2441136295915453,0.10635352705747256,0.01900642837094461,0.0,0.0,0.0,0.0,0.0,0.0,0.0,0.0,0.0,0.0,0.0,0.0,0.0,0.0,0.0,0.0,0.0,0.0,0.0,0.0,0.0,0.0,0.0,0.0,0.0,0.0,0.0,0.0,0.0,0.0,0.0,0.0,0.0,0.0,0.0,0.0,0.0,0.0,0.0,0.0,0.0,0.0,0.0,0.0
Mitella_koshiensis,0.0,0.0005326596048677058,0.05263340135356897,0.1311080069358459,0.5291788875684907,0.2641752478244146,0.022206216275518297,0.0001655804372937519,0.0,0.0,0.0,0.0,0.0,0.0,0.0,0.0,0.0,0.0,0.0,0.0,0.0,0.0,0.0,0.0,0.0,0.0,0.0,0.0,0.0,0.0,0.0,0.0,0.0,0.0,0.0,0.0,0.0,0.0,0.0,0.0,0.0,0.0,0.0,0.0,0.0,0.0,0.0,0.0,0.0,0.0
Mitella_nuda,0.001343509771808776,0.04743392763466913,0.1549261941996289,0.2553491393288042,0.1857679651186933,0.12695713192828645,0.07616545823852681,0.03875439086706623,0.02199978981333808,0.015690068966347344,0.010816497138411887,0.008708941938388792,0.006794872805991583,0.005848960858281864,0.005210418118893949,0.004416392418963452,0.004168237917770423,0.003702972325842599,0.003419797860397882,0.0033693738587731647,0.0029367209011959077,0.002749068653886348,0.0022549116940652693,0.002031775651899389,0.0015900869248715887,0.0012636748772084086,0.0010348555684785241,0.0008401414909213025,0.0007602392657145378,0.0006357463520027499,0.000588142518923934,0.00048673223088668816,0.0004208515276082101,0.0003631201846836087,0.0002837930971444122,0.0002339446983671252,0.00018389208297526471,0.00014607037817726128,0.00011821937975937644,7.53299501273448e-05,5.191716377899759e-05,3.468679225124901e-05,2.393802830291836e-05,1.5750065111878698e-05,1.34431850012015e-05,8.656676997810447e-06,4.382979271921157e-06,3.1639050156374766e-06,2.4443773721176143e-06,2.466778910431989e-07
Mitella_ovalis,6.368860600666949e-05,0.06026274708639105,0.368040438927785,0.2713070561664785,0.1465671528330496,0.06555103324056462,0.043200005635616524,0.026363655626751786,0.01113983516205245,0.004528301106786371,0.0015048966332078335,0.0006929754796630532,0.0004108124392779662,0.0002050993194557571,0.00011581922568266506,4.167350711135823e-05,0.0,4.809004118766828e-06,0.0,0.0,0.0,0.0,0.0,0.0,0.0,0.0,0.0,0.0,0.0,0.0,0.0,0.0,0.0,0.0,0.0,0.0,0.0,0.0,0.0,0.0,0.0,0.0,0.0,0.0,0.0,0.0,0.0,0.0,0.0,0.0
Mitella_pauciflora,0.0,0.029832740395789124,0.16904474537507966,0.2625384681909189,0.436999598749649,0.09672067080876262,0.0048237248032489185,3.983798117579447e-05,2.1369537603179703e-07,0.0,0.0,0.0,0.0,0.0,0.0,0.0,0.0,0.0,0.0,0.0,0.0,0.0,0.0,0.0,0.0,0.0,0.0,0.0,0.0,0.0,0.0,0.0,0.0,0.0,0.0,0.0,0.0,0.0,0.0,0.0,0.0,0.0,0.0,0.0,0.0,0.0,0.0,0.0,0.0,0.0
Mitella_pentandra,0.016858598184733724,0.19150578500454046,0.23377467976116986,0.2550672627804974,0.20430770631687656,0.0728810607260613,0.020590329093915675,0.003846779396145649,0.0007587320079884166,0.00028705043011984893,7.928576884092125e-05,2.340811921555607e-05,8.370606690031237e-06,6.832492707679939e-06,2.233154621100494e-06,4.3130308072566356e-07,3.581200092382065e-07,1.813171614217888e-07,9.154156244718737e-07,0.0,0.0,0.0,0.0,0.0,0.0,0.0,0.0,0.0,0.0,0.0,0.0,0.0,0.0,0.0,0.0,0.0,0.0,0.0,0.0,0.0,0.0,0.0,0.0,0.0,0.0,0.0,0.0,0.0,0.0,0.0
Mitella_stauropetala,0.018246107745182344,0.5909970135577224,0.34229136629958645,0.044639546528238,0.003106585717136945,0.0005312577206202054,0.00012797472317362568,3.384921654357213e-05,1.5492895880178087e-05,3.950282486744509e-06,3.6456941867028793e-06,2.8924462388814312e-06,1.5920355804032442e-07,1.5796944566954995e-07,0.0,0.0,0.0,0.0,0.0,0.0,0.0,0.0,0.0,0.0,0.0,0.0,0.0,0.0,0.0,0.0,0.0,0.0,0.0,0.0,0.0,0.0,0.0,0.0,0.0,0.0,0.0,0.0,0.0,0.0,0.0,0.0,0.0,0.0,0.0,0.0
Mitella_stylosa,0.0,0.0457759785723082,0.4215268246369823,0.26690317717466344,0.2140210056784224,0.04873909653085893,0.0030130961584344217,2.0821248330382404e-05,0.0,0.0,0.0,0.0,0.0,0.0,0.0,0.0,0.0,0.0,0.0,0.0,0.0,0.0,0.0,0.0,0.0,0.0,0.0,0.0,0.0,0.0,0.0,0.0,0.0,0.0,0.0,0.0,0.0,0.0,0.0,0.0,0.0,0.0,0.0,0.0,0.0,0.0,0.0,0.0,0.0,0.0
Mitella_trifida,0.019223941679385275,0.28411932137818635,0.35427116120169355,0.2350875525278457,0.09136398553078827,0.012367051308994927,0.00208770785163776,0.0008759509935623685,0.0003781856522081195,0.00014577309273050232,6.206372818353276e-05,1.7305054782075948e-05,0.0,0.0,0.0,0.0,0.0,0.0,0.0,0.0,0.0,0.0,0.0,0.0,0.0,0.0,0.0,0.0,0.0,0.0,0.0,0.0,0.0,0.0,0.0,0.0,0.0,0.0,0.0,0.0,0.0,0.0,0.0,0.0,0.0,0.0,0.0,0.0,0.0,0.0
Mitella_yamatoensis,0.0,0.2480217057824297,0.2948290394341799,0.2835680852020597,0.13884729249275024,0.033717178051354275,0.0010166990372261595,0.0,0.0,0.0,0.0,0.0,0.0,0.0,0.0,0.0,0.0,0.0,0.0,0.0,0.0,0.0,0.0,0.0,0.0,0.0,0.0,0.0,0.0,0.0,0.0,0.0,0.0,0.0,0.0,0.0,0.0,0.0,0.0,0.0,0.0,0.0,0.0,0.0,0.0,0.0,0.0,0.0,0.0,0.0
Rodgersia_pinnata,0.042961756307132136,0.3483368669288869,0.3342677116233406,0.18414791430272634,0.08089419654476662,0.008320000598170292,0.0010486864664002082,2.2867228576855912e-05,0.0,0.0,0.0,0.0,0.0,0.0,0.0,0.0,0.0,0.0,0.0,0.0,0.0,0.0,0.0,0.0,0.0,0.0,0.0,0.0,0.0,0.0,0.0,0.0,0.0,0.0,0.0,0.0,0.0,0.0,0.0,0.0,0.0,0.0,0.0,0.0,0.0,0.0,0.0,0.0,0.0,0.0
Tellima_grandiflora,0.0015770286628225872,0.09109878056453846,0.2337536949329108,0.21460148668122567,0.26128420408435843,0.13102055116717365,0.04569313205174338,0.014111405891712869,0.004265020552130254,0.0016684128311854074,0.000534243968642943,0.0002040478467988183,0.00012209024870085604,3.243466526632011e-05,2.1946477830722844e-05,1.0713401031645208e-05,2.312730670258163e-07,1.7139243862675663e-07,1.6886965853867267e-07,0.0,2.3443676288529004e-07,0.0,0.0,0.0,0.0,0.0,0.0,0.0,0.0,0.0,0.0,0.0,0.0,0.0,0.0,0.0,0.0,0.0,0.0,0.0,0.0,0.0,0.0,0.0,0.0,0.0,0.0,0.0,0.0,0.0
Tiarella_cordifolia,0.07772086129109383,0.2313679763760685,0.2912009950929608,0.2180314349817796,0.12236380781788153,0.0388327980265622,0.012426001160015887,0.004914530299817665,0.001815007778204725,0.0007513712804331409,0.00033192105190206543,0.00015232150433696048,7.25671754758424e-05,1.840616346746048e-05,0.0,0.0,0.0,0.0,0.0,0.0,0.0,0.0,0.0,0.0,0.0,0.0,0.0,0.0,0.0,0.0,0.0,0.0,0.0,0.0,0.0,0.0,0.0,0.0,0.0,0.0,0.0,0.0,0.0,0.0,0.0,0.0,0.0,0.0,0.0,0.0
Tiarella_polyphylla,0.06525175561524169,0.3970052479488759,0.17160862539601146,0.14188910324279624,0.1465800571193778,0.05716024396161645,0.016382175488225546,0.0032041582307747608,0.0007757076462531961,0.00012516077692143352,1.0301336077016423e-05,6.778717911896227e-06,2.3657582287237488e-07,1.956798248158495e-07,2.5226424697287786e-07,0.0,0.0,0.0,0.0,0.0,0.0,0.0,0.0,0.0,0.0,0.0,0.0,0.0,0.0,0.0,0.0,0.0,0.0,0.0,0.0,0.0,0.0,0.0,0.0,0.0,0.0,0.0,0.0,0.0,0.0,0.0,0.0,0.0,0.0,0.0
Tiarella_trifoliata,0.009474799771131505,0.1486468032586119,0.2479364052101211,0.2620278052662812,0.19937948432231736,0.08239424578911393,0.031316945031998576,0.011757619058815508,0.003630712459965661,0.0015979820542071446,0.0007755897331016014,0.00048316315530258963,0.00026442681086608067,0.00014730659110503478,9.379691616663315e-05,5.324151489305574e-05,1.967305600113012e-05,0.0,0.0,0.0,0.0,0.0,0.0,0.0,0.0,0.0,0.0,0.0,0.0,0.0,0.0,0.0,0.0,0.0,0.0,0.0,0.0,0.0,0.0,0.0,0.0,0.0,0.0,0.0,0.0,0.0,0.0,0.0,0.0,0.0
Tolmiea_diplomenziesii,0.00014499221398916058,0.17851533805006198,0.605578187266453,0.15736257196770576,0.03850695146711328,0.01265721446468547,0.004683285676548475,0.002119728961460044,0.0003055973583811132,8.540165360963432e-05,4.073091999212351e-05,0.0,0.0,0.0,0.0,0.0,0.0,0.0,0.0,0.0,0.0,0.0,0.0,0.0,0.0,0.0,0.0,0.0,0.0,0.0,0.0,0.0,0.0,0.0,0.0,0.0,0.0,0.0,0.0,0.0,0.0,0.0,0.0,0.0,0.0,0.0,0.0,0.0,0.0,0.0
Tolmiea_menziesii,4.126895773774318e-06,0.01408932829045639,0.1484625084646315,0.3089058148944198,0.2695862182887805,0.1259661009892045,0.07056315888928356,0.03843369934168826,0.014167269512358784,0.005620050542124206,0.00205253440315201,0.0010080050546728138,0.0005969986330407133,0.00031440766012385716,0.00019717406566466256,3.2604074624621805e-05,0.0,0.0,0.0,0.0,0.0,0.0,0.0,0.0,0.0,0.0,0.0,0.0,0.0,0.0,0.0,0.0,0.0,0.0,0.0,0.0,0.0,0.0,0.0,0.0,0.0,0.0,0.0,0.0,0.0,0.0,0.0,0.0,0.0,0.0
Heuchera_brevistaminea,0.0,0.0,0.0,0.1111111111111111,0.8888888888888888,0.0,0.0,0.0,0.0,0.0,0.0,0.0,0.0,0.0,0.0,0.0,0.0,0.0,0.0,0.0,0.0,0.0,0.0,0.0,0.0,0.0,0.0,0.0,0.0,0.0,0.0,0.0,0.0,0.0,0.0,0.0,0.0,0.0,0.0,0.0,0.0,0.0,0.0,0.0,0.0,0.0,0.0,0.0,0.0,0.0
Heuchera_caespitosa,0.0,0.0,0.5714285714285714,0.14285714285714285,0.2857142857142857,0.0,0.0,0.0,0.0,0.0,0.0,0.0,0.0,0.0,0.0,0.0,0.0,0.0,0.0,0.0,0.0,0.0,0.0,0.0,0.0,0.0,0.0,0.0,0.0,0.0,0.0,0.0,0.0,0.0,0.0,0.0,0.0,0.0,0.0,0.0,0.0,0.0,0.0,0.0,0.0,0.0,0.0,0.0,0.0,0.0
Heuchera_hirsutissima,0.3076923076923077,0.6923076923076923,0.0,0.0,0.0,0.0,0.0,0.0,0.0,0.0,0.0,0.0,0.0,0.0,0.0,0.0,0.0,0.0,0.0,0.0,0.0,0.0,0.0,0.0,0.0,0.0,0.0,0.0,0.0,0.0,0.0,0.0,0.0,0.0,0.0,0.0,0.0,0.0,0.0,0.0,0.0,0.0,0.0,0.0,0.0,0.0,0.0,0.0,0.0,0.0
Heuchera_inconstans,0.0,0.0,0.0,0.0,1.0,0.0,0.0,0.0,0.0,0.0,0.0,0.0,0.0,0.0,0.0,0.0,0.0,0.0,0.0,0.0,0.0,0.0,0.0,0.0,0.0,0.0,0.0,0.0,0.0,0.0,0.0,0.0,0.0,0.0,0.0,0.0,0.0,0.0,0.0,0.0,0.0,0.0,0.0,0.0,0.0,0.0,0.0,0.0,0.0,0.0
Heuchera_lakelae,0.2,0.6,0.2,0.0,0.0,0.0,0.0,0.0,0.0,0.0,0.0,0.0,0.0,0.0,0.0,0.0,0.0,0.0,0.0,0.0,0.0,0.0,0.0,0.0,0.0,0.0,0.0,0.0,0.0,0.0,0.0,0.0,0.0,0.0,0.0,0.0,0.0,0.0,0.0,0.0,0.0,0.0,0.0,0.0,0.0,0.0,0.0,0.0,0.0,0.0
Heuchera_pulchella,0.3076923076923077,0.6923076923076923,0.0,0.0,0.0,0.0,0.0,0.0,0.0,0.0,0.0,0.0,0.0,0.0,0.0,0.0,0.0,0.0,0.0,0.0,0.0,0.0,0.0,0.0,0.0,0.0,0.0,0.0,0.0,0.0,0.0,0.0,0.0,0.0,0.0,0.0,0.0,0.0,0.0,0.0,0.0,0.0,0.0,0.0,0.0,0.0,0.0,0.0,0.0,0.0
Heuchera_rosendahlii,1.0,0.0,0.0,0.0,0.0,0.0,0.0,0.0,0.0,0.0,0.0,0.0,0.0,0.0,0.0,0.0,0.0,0.0,0.0,0.0,0.0,0.0,0.0,0.0,0.0,0.0,0.0,0.0,0.0,0.0,0.0,0.0,0.0,0.0,0.0,0.0,0.0,0.0,0.0,0.0,0.0,0.0,0.0,0.0,0.0,0.0,0.0,0.0,0.0,0.0
Heuchera_soltisii,0.0,0.9090909090909092,0.09090909090909093,0.0,0.0,0.0,0.0,0.0,0.0,0.0,0.0,0.0,0.0,0.0,0.0,0.0,0.0,0.0,0.0,0.0,0.0,0.0,0.0,0.0,0.0,0.0,0.0,0.0,0.0,0.0,0.0,0.0,0.0,0.0,0.0,0.0,0.0,0.0,0.0,0.0,0.0,0.0,0.0,0.0,0.0,0.0,0.0,0.0,0.0,0.0
Heuchera_wellsiae,0.0,0.75,0.25,0.0,0.0,0.0,0.0,0.0,0.0,0.0,0.0,0.0,0.0,0.0,0.0,0.0,0.0,0.0,0.0,0.0,0.0,0.0,0.0,0.0,0.0,0.0,0.0,0.0,0.0,0.0,0.0,0.0,0.0,0.0,0.0,0.0,0.0,0.0,0.0,0.0,0.0,0.0,0.0,0.0,0.0,0.0,0.0,0.0,0.0,0.0
Heuchera_woodsiaphila,0.0,0.4,0.6,0.0,0.0,0.0,0.0,0.0,0.0,0.0,0.0,0.0,0.0,0.0,0.0,0.0,0.0,0.0,0.0,0.0,0.0,0.0,0.0,0.0,0.0,0.0,0.0,0.0,0.0,0.0,0.0,0.0,0.0,0.0,0.0,0.0,0.0,0.0,0.0,0.0,0.0,0.0,0.0,0.0,0.0,0.0,0.0,0.0,0.0,0.0
Lithophragma_maximum,0.5,0.5,0.0,0.0,0.0,0.0,0.0,0.0,0.0,0.0,0.0,0.0,0.0,0.0,0.0,0.0,0.0,0.0,0.0,0.0,0.0,0.0,0.0,0.0,0.0,0.0,0.0,0.0,0.0,0.0,0.0,0.0,0.0,0.0,0.0,0.0,0.0,0.0,0.0,0.0,0.0,0.0,0.0,0.0,0.0,0.0,0.0,0.0,0.0,0.0
Lithophragma_thompsonii,0.0,1.0,0.0,0.0,0.0,0.0,0.0,0.0,0.0,0.0,0.0,0.0,0.0,0.0,0.0,0.0,0.0,0.0,0.0,0.0,0.0,0.0,0.0,0.0,0.0,0.0,0.0,0.0,0.0,0.0,0.0,0.0,0.0,0.0,0.0,0.0,0.0,0.0,0.0,0.0,0.0,0.0,0.0,0.0,0.0,0.0,0.0,0.0,0.0,0.0
Mitella_amamiana,0.0,0.0,0.0,0.25,0.75,0.0,0.0,0.0,0.0,0.0,0.0,0.0,0.0,0.0,0.0,0.0,0.0,0.0,0.0,0.0,0.0,0.0,0.0,0.0,0.0,0.0,0.0,0.0,0.0,0.0,0.0,0.0,0.0,0.0,0.0,0.0,0.0,0.0,0.0,0.0,0.0,0.0,0.0,0.0,0.0,0.0,0.0,0.0,0.0,0.0
Mitella_doiana,0.0,0.0,1.0,0.0,0.0,0.0,0.0,0.0,0.0,0.0,0.0,0.0,0.0,0.0,0.0,0.0,0.0,0.0,0.0,0.0,0.0,0.0,0.0,0.0,0.0,0.0,0.0,0.0,0.0,0.0,0.0,0.0,0.0,0.0,0.0,0.0,0.0,0.0,0.0,0.0,0.0,0.0,0.0,0.0,0.0,0.0,0.0,0.0,0.0,0.0
Mitella_integripetala,0.0,0.0,0.0,0.0,1.0,0.0,0.0,0.0,0.0,0.0,0.0,0.0,0.0,0.0,0.0,0.0,0.0,0.0,0.0,0.0,0.0,0.0,0.0,0.0,0.0,0.0,0.0,0.0,0.0,0.0,0.0,0.0,0.0,0.0,0.0,0.0,0.0,0.0,0.0,0.0,0.0,0.0,0.0,0.0,0.0,0.0,0.0,0.0,0.0,0.0
Mitella_kiusiana,0.0,0.2857142857142857,0.7142857142857143,0.0,0.0,0.0,0.0,0.0,0.0,0.0,0.0,0.0,0.0,0.0,0.0,0.0,0.0,0.0,0.0,0.0,0.0,0.0,0.0,0.0,0.0,0.0,0.0,0.0,0.0,0.0,0.0,0.0,0.0,0.0,0.0,0.0,0.0,0.0,0.0,0.0,0.0,0.0,0.0,0.0,0.0,0.0,0.0,0.0,0.0,0.0
Mitella_kumaensis,0.0,0.0,0.0,0.0,0.0,1.0,0.0,0.0,0.0,0.0,0.0,0.0,0.0,0.0,0.0,0.0,0.0,0.0,0.0,0.0,0.0,0.0,0.0,0.0,0.0,0.0,0.0,0.0,0.0,0.0,0.0,0.0,0.0,0.0,0.0,0.0,0.0,0.0,0.0,0.0,0.0,0.0,0.0,0.0,0.0,0.0,0.0,0.0,0.0,0.0
Mitella_yoshinagae,0.2,0.5,0.3,0.0,0.0,0.0,0.0,0.0,0.0,0.0,0.0,0.0,0.0,0.0,0.0,0.0,0.0,0.0,0.0,0.0,0.0,0.0,0.0,0.0,0.0,0.0,0.0,0.0,0.0,0.0,0.0,0.0,0.0,0.0,0.0,0.0,0.0,0.0,0.0,0.0,0.0,0.0,0.0,0.0,0.0,0.0,0.0,0.0,0.0,0.0
Peltoboykinia_tellimoides,0.0,0.0,0.2,0.4,0.4,0.0,0.0,0.0,0.0,0.0,0.0,0.0,0.0,0.0,0.0,0.0,0.0,0.0,0.0,0.0,0.0,0.0,0.0,0.0,0.0,0.0,0.0,0.0,0.0,0.0,0.0,0.0,0.0,0.0,0.0,0.0,0.0,0.0,0.0,0.0,0.0,0.0,0.0,0.0,0.0,0.0,0.0,0.0,0.0,0.0
