variable,119.0,127.78,136.56,145.34,154.12,162.9,171.68,180.45999999999998,189.24,198.01999999999998,206.8,215.57999999999998,224.35999999999999,233.14,241.92,250.7,259.48,268.26,277.03999999999996,285.82,294.6,303.38,312.15999999999997,320.94,329.71999999999997,338.5,347.28,356.05999999999995,364.84,373.62,382.4,391.18,399.96,408.73999999999995,417.52,426.29999999999995,435.08,443.85999999999996,452.64,461.41999999999996,470.2,478.97999999999996,487.76,496.53999999999996,505.32,514.0999999999999,522.88,531.66,540.4399999999999,549.22
Bensoniella_oregona,0.0,3.303391167627782e-05,0.00010773109459763196,0.00025555393388164383,0.0005264034822186911,0.0012027841588597473,0.0023262772690270674,0.0058713606759440255,0.009091486184528976,0.014339667318879375,0.03289606336063052,0.06860093751670053,0.05734246513647576,0.09444187184477533,0.13406852572166028,0.1549831887531694,0.2046391736757194,0.12498918651828535,0.05850478663420456,0.024192808962477767,0.008543951629606817,0.0023697519070187663,0.0005129239089541988,0.00013259870653675496,2.5070259761491385e-05,2.3827946817803104e-06,1.4639727809577959e-08,0.0,0.0,0.0,0.0,0.0,0.0,0.0,0.0,0.0,0.0,0.0,0.0,0.0,0.0,0.0,0.0,0.0,0.0,0.0,0.0,0.0,0.0,0.0
Conimitella_williamsii,0.0,0.0,0.0,0.0,0.0,0.0,0.0,0.0,0.0,0.0,0.0,0.0,0.0,0.0,0.0,0.0,0.0,0.0,0.0,0.0,0.0,0.0,5.884023828194265e-06,6.785451578628772e-05,0.00036398613843666204,0.0025106521293590234,0.03196498759974625,0.07879573492871345,0.12794298759183495,0.18194229923478225,0.14860550825255398,0.11150938326663562,0.0993161805432396,0.08309037119654952,0.07418891905231431,0.034905549395929214,0.01498849454686368,0.008552090064357282,0.0011545043148571677,9.461320421255306e-05,0.0,0.0,0.0,0.0,0.0,0.0,0.0,0.0,0.0,0.0
Darmera_peltata,0.0,0.00012290143609282442,0.0010480982320911056,0.0013910485452111908,0.0017515436349748255,0.0026941169159652523,0.002779802336526011,0.00329609015992767,0.004127746768690889,0.004452733110357772,0.006661997769749565,0.00881828978692153,0.009890555870710268,0.01120873571040295,0.013737470138786026,0.016234143612609934,0.039250976061907056,0.0260409065863118,0.026565786083408625,0.035574381340604484,0.05836957070646505,0.12089137310207193,0.12967211630181405,0.14867942112978494,0.09985983555862547,0.11789595607825085,0.07827402452272225,0.02082454414263305,0.006845116324042503,0.0029919609776442647,4.875705469596173e-05,0.0,0.0,0.0,0.0,0.0,0.0,0.0,0.0,0.0,0.0,0.0,0.0,0.0,0.0,0.0,0.0,0.0,0.0,0.0
Elmera_racemosa,0.0,0.0,0.0,0.00021679715740702968,0.0006200932316072492,0.0014444262661701321,0.002821816598485917,0.005165261884867562,0.005788753846981434,0.058833141310282965,0.06357726637537572,0.0189088551177216,0.05052029824874239,0.06388219670024785,0.08671929692590226,0.0663914846025818,0.08350970155092569,0.08673085262948307,0.07005804624529956,0.0691206432978857,0.07392690161365631,0.06749336316707377,0.03954224678499956,0.02497948799982633,0.015898014699107912,0.015042846966911027,0.010902930089157041,0.00886886400431052,0.007187830772794822,0.0014460297369212336,0.00028308925515600585,9.231300759751488e-05,2.714991252004443e-05,0.0,0.0,0.0,0.0,0.0,0.0,0.0,0.0,0.0,0.0,0.0,0.0,0.0,0.0,0.0,0.0,0.0
Heuchera_abramsii,0.0,0.0,0.0,0.0,0.0,0.0,0.0,0.0,0.0,0.0,0.0,0.0,3.367836933194758e-06,8.494357321247925e-05,0.00015570605143694311,0.000132406227831798,0.07852150460864825,0.2593325717572382,0.2711862718716987,0.2416222331145131,0.08864435298632915,0.026146016635658915,0.0042839827107741145,0.025112789348838302,0.004664394587324355,0.00010922749117571996,2.3119838688980928e-07,0.0,0.0,0.0,0.0,0.0,0.0,0.0,0.0,0.0,0.0,0.0,0.0,0.0,0.0,0.0,0.0,0.0,0.0,0.0,0.0,0.0,0.0,0.0
Heuchera_acutifolia,0.0,0.0,0.0005621539075939824,0.0036682769457096797,0.034010880431258966,0.07169763976103573,0.10709217124333308,0.13325750158459934,0.1315077461954298,0.1475007476484432,0.1652426057700127,0.10406827603666774,0.07685605703552137,0.017544785900692042,0.006454644600945507,0.0005365129387568673,0.0,0.0,0.0,0.0,0.0,0.0,0.0,0.0,0.0,0.0,0.0,0.0,0.0,0.0,0.0,0.0,0.0,0.0,0.0,0.0,0.0,0.0,0.0,0.0,0.0,0.0,0.0,0.0,0.0,0.0,0.0,0.0,0.0,0.0
Heuchera_alba,0.0,0.0,0.0,0.0,0.0,0.0,0.0,0.0,0.0,0.0,0.0,0.0,0.0,0.0,0.0,0.0,0.0,0.0,0.0,0.0,0.0,0.0,0.0,0.0029743279996954195,0.11574906982913298,0.21709428786351287,0.32646827960027003,0.1897511911042463,0.13564882598542796,0.01231401761771442,0.0,0.0,0.0,0.0,0.0,0.0,0.0,0.0,0.0,0.0,0.0,0.0,0.0,0.0,0.0,0.0,0.0,0.0,0.0,0.0
Heuchera_americana,0.0,0.0,0.0,0.0,0.0,0.0,0.0,0.0,0.0,0.0,0.0,0.0,0.0,0.0,0.0,0.0,0.0,1.0281800695658324e-05,4.640612429535755e-05,0.00011710498989343791,0.000979580929501127,0.006962595196193335,0.023907405343317242,0.06654046345476831,0.1069932442395505,0.11393430453750465,0.11153304529434972,0.15069077065556513,0.1518683085029814,0.09461162046354604,0.09556085229161082,0.05259786949129554,0.021150910451667254,0.002495236233264477,0.0,0.0,0.0,0.0,0.0,0.0,0.0,0.0,0.0,0.0,0.0,0.0,0.0,0.0,0.0,0.0
Heuchera_bracteata,0.0,0.0,0.0,0.0,0.0,0.0,0.0,0.0,0.0,0.0,0.0,0.0,0.0,0.0,0.0,0.0,0.0,0.0,0.0,0.0,0.0,0.00012210513582095112,0.002608711163300164,0.018155038173464658,0.06017891534518496,0.09779981426332554,0.1193722713066137,0.2065360986670665,0.2494396549667699,0.13298675007620808,0.06326351454095687,0.0273089481313326,0.016702023237172604,0.0049984622100364435,0.00041614651134418254,7.518343867296556e-05,2.7739013890852186e-05,8.623818839111923e-06,0.0,0.0,0.0,0.0,0.0,0.0,0.0,0.0,0.0,0.0,0.0,0.0
Heuchera_caroliniana,0.0,0.0,0.0,0.0,0.0,0.0,0.0,0.0,0.0,0.0,0.0,0.0,0.0,0.0,0.0,0.0,0.0,0.0,0.0,3.433618442626444e-05,0.0002601359352727035,0.0014441561845135026,0.012993247536014286,0.13601282475873858,0.5749577435117473,0.2697989686319613,0.004498587257325984,0.0,0.0,0.0,0.0,0.0,0.0,0.0,0.0,0.0,0.0,0.0,0.0,0.0,0.0,0.0,0.0,0.0,0.0,0.0,0.0,0.0,0.0,0.0
Heuchera_chlorantha,0.0,0.0,0.0,2.8187203280204772e-05,0.00015759656542873855,0.0004644014476111227,0.0015657756766419126,0.006238813918134085,0.00724631786764967,0.00824449920405775,0.02189652513345429,0.04129407465307855,0.05250222043144486,0.05688711464408041,0.08437878827033063,0.07615793857392697,0.13222690228336248,0.06521209933998469,0.040752758810305406,0.044437767640023294,0.0552884046152713,0.06193276159909316,0.05861658050790185,0.06105259450290638,0.03621722486912112,0.035860130928636595,0.030491092001488182,0.01827778061265292,0.0023608848265020037,0.00021076387363139787,0.0,0.0,0.0,0.0,0.0,0.0,0.0,0.0,0.0,0.0,0.0,0.0,0.0,0.0,0.0,0.0,0.0,0.0,0.0,0.0
Heuchera_cylindrica,0.0,0.0,0.0,0.0,0.0,0.0,0.0,0.0,0.0,0.0,0.0,6.902832145418757e-05,0.0007839554022457367,0.0012278492935375884,0.0027440654152532584,0.00356701304633114,0.005287745352336429,0.007878271062315163,0.009180564919726516,0.01358614847193138,0.01797557431627773,0.02629498242288113,0.033030132490331016,0.052243520254726165,0.08543509145683817,0.11520448097895075,0.13672814690462648,0.12435221563994113,0.12548083688307352,0.09365105463215156,0.0591456863148447,0.03584174467056485,0.021216771906328816,0.010984448567281205,0.010779362001135022,0.0047907626501264115,0.001133693728578669,0.0006703882088248562,0.00039239269706763417,0.00023128552200871958,8.065077076375799e-05,1.2135697546768427e-05,0.0,0.0,0.0,0.0,0.0,0.0,0.0,0.0
Heuchera_eastwoodiae,0.0,0.0,0.0,0.0,0.0,0.0,0.0,0.0,0.0,0.0,0.0,0.0,0.0,0.0,0.0,0.0,0.0,0.0,0.0,0.0,0.0,0.0,0.0,0.018541608001591336,0.13814804696564073,0.2353253230903937,0.28243845492004405,0.1906957047605184,0.09742170753665658,0.0275580363626058,0.008226675792024579,0.0014568638226851107,0.0001875787478395939,0.0,0.0,0.0,0.0,0.0,0.0,0.0,0.0,0.0,0.0,0.0,0.0,0.0,0.0,0.0,0.0,0.0
Heuchera_elegans,0.0,0.0,0.0,0.0,0.0,0.0,6.106645426224426e-05,0.0002437939012079125,0.0002520890339329897,0.000211428293121488,0.0003173232105423013,0.00028167984785855464,0.0004969548150350982,0.00096932114951205,0.0018795141992718832,0.0012584816094115064,0.004111908217928941,0.020356219282789176,0.06349691820825051,0.15134563147094784,0.2713380262301444,0.2366129420793869,0.12974393513521087,0.07180682859122907,0.040605427910974254,0.004046432209684408,0.0004624895635020663,7.470267308164442e-05,2.5864122225283248e-05,1.0217904885073534e-06,0.0,0.0,0.0,0.0,0.0,0.0,0.0,0.0,0.0,0.0,0.0,0.0,0.0,0.0,0.0,0.0,0.0,0.0,0.0,0.0
Heuchera_glabra,0.0,0.0,6.014436788628729e-05,0.000452023038016468,0.0023091897082887732,0.0033159149238020944,0.006951904484920648,0.010680881368751416,0.02402589818094471,0.02687418038963735,0.03496494138905323,0.035893267257081515,0.034080500821691326,0.03199258162062834,0.041954483181018375,0.04899163472336001,0.04985400161303877,0.04536311489795679,0.03764347640326767,0.042088376935697336,0.04422042593696395,0.047615404403946016,0.04583861483393914,0.04674729456611056,0.04133740458849952,0.04572816881279464,0.04762901022770871,0.03735599563059856,0.03687566637015894,0.03512435837035763,0.02868775216788409,0.01892827728030193,0.01700112930223225,0.0123494042280975,0.00674440219266061,0.0034897010720876,0.002248404731228002,0.001801536999531045,0.0012572290473599544,0.0009135213482852153,0.0004798256049682549,0.00012652044018668238,3.4365390580908655e-06,0.0,0.0,0.0,0.0,0.0,0.0,0.0
Heuchera_glomerulata,0.0,0.0,0.0,0.0,0.0,0.0,0.0,0.0,0.0,0.0,0.0,0.0,0.0,0.0,0.0,0.0,0.0,0.0,0.0011328808959401122,0.006648440258331951,0.011243673200651007,0.014899977185920553,0.026554253494523374,0.058589348604129225,0.1268412934236103,0.14034502189979978,0.1690019356323014,0.17212107848599625,0.15424272314079734,0.07926982184932704,0.031263679118273664,0.006771765081942202,0.0010741077284558008,0.0,0.0,0.0,0.0,0.0,0.0,0.0,0.0,0.0,0.0,0.0,0.0,0.0,0.0,0.0,0.0,0.0
Heuchera_grossulariifolia,0.0,0.0,0.0,0.0,0.0,0.0,0.0,0.0,0.0,0.0,0.0,0.0,0.0,0.0,0.0,0.00033526241779808185,0.00027217378588382157,0.00028702718783881604,0.0002386000073415692,0.0008931466171209356,0.0012630978791503481,0.0014081835569262494,0.0016557681635809352,0.0027274347848899546,0.015114064957954657,0.07090599393860496,0.08348897826583103,0.07332996564218464,0.11179258060766747,0.09226855704193264,0.09487755259107156,0.10883785065040837,0.12392619270187664,0.10479327002876404,0.07399743864901656,0.02640261337946548,0.005398594874848956,0.004467310127301132,0.0013183421425411606,0.0,0.0,0.0,0.0,0.0,0.0,0.0,0.0,0.0,0.0,0.0
Heuchera_hallii,0.0,0.0,0.0,0.0,0.0,0.0,0.0,0.0,0.0,0.0,0.0,0.0,0.0,0.0,0.0,0.0,0.0,0.0,0.0,0.0,0.0,0.00015645543290610284,0.003355834683095013,0.016753559791949413,0.03600119246707315,0.054539169292263455,0.055464481242463816,0.055680441393892485,0.0853005624933173,0.0992130033605534,0.11057795531736644,0.11706093040813455,0.15948843493881265,0.12844451739389165,0.04947657666700668,0.012464219113567005,0.005648582209310324,0.0038563818892311977,0.0035332850673093327,0.002357755454484722,0.0006266613833712612,0.0,0.0,0.0,0.0,0.0,0.0,0.0,0.0,0.0
Heuchera_longiflora,0.0,0.0,0.0,0.0,0.0,0.0,0.0,0.0,0.0,0.0,0.0,0.0,0.0,0.0,0.0,0.0,0.0,0.0,0.0,2.9848983715148534e-06,2.3782625319963033e-05,0.0002776272902705285,0.0024884389531648664,0.022501230084528503,0.17803944176840014,0.3277680303591908,0.13320008745240394,0.2319643683109688,0.1037340082573808,0.0,0.0,0.0,0.0,0.0,0.0,0.0,0.0,0.0,0.0,0.0,0.0,0.0,0.0,0.0,0.0,0.0,0.0,0.0,0.0,0.0
Heuchera_longipetala,0.0,0.0,0.0029787856217025448,0.005571536802648406,0.011916784152407859,0.02622897208497793,0.042204362248519,0.05472881242180416,0.07423925168011856,0.09316817863124101,0.1284855938912943,0.14389067509842626,0.15760511775579267,0.12008506011422172,0.08117312249719863,0.04077949783478915,0.011552629577414616,0.0027568308974257145,0.0012458326877807602,0.0008556675668362901,0.0004538288440579794,7.945959134247989e-05,0.0,0.0,0.0,0.0,0.0,0.0,0.0,0.0,0.0,0.0,0.0,0.0,0.0,0.0,0.0,0.0,0.0,0.0,0.0,0.0,0.0,0.0,0.0,0.0,0.0,0.0,0.0,0.0
Heuchera_maxima,0.0,0.0,0.0,0.164804409115824,0.4388245875280201,0.1502596906709272,0.10137544969512496,0.047437715173640455,0.05118080139878404,0.0316316960930413,0.009255107604106338,0.002640189632113901,0.001027001832563886,0.0006713730664559203,0.0005083886088645437,0.000258720799033889,9.577099151951379e-05,2.909778997997535e-05,0.0,0.0,0.0,0.0,0.0,0.0,0.0,0.0,0.0,0.0,0.0,0.0,0.0,0.0,0.0,0.0,0.0,0.0,0.0,0.0,0.0,0.0,0.0,0.0,0.0,0.0,0.0,0.0,0.0,0.0,0.0,0.0
Heuchera_merriamii,0.0,0.0,0.0,0.0,0.0,0.0,1.5239809410077088e-06,6.958349949160927e-06,4.088517994645523e-05,0.0001220380443201968,0.001220831765086421,0.004984666057920331,0.004438739442765935,0.0070783878905631955,0.010450876113727204,0.026168763732557488,0.06205119103073624,0.13117182965865765,0.17567042665273538,0.17939276632580653,0.13808079653722188,0.09769851536477042,0.05388869855713764,0.03758435280790837,0.024714325004770558,0.021469058398641057,0.01916905005196378,0.0041021030070423495,0.00046590228337323186,2.731376145750886e-05,0.0,0.0,0.0,0.0,0.0,0.0,0.0,0.0,0.0,0.0,0.0,0.0,0.0,0.0,0.0,0.0,0.0,0.0,0.0,0.0
Heuchera_mexicana,0.0,0.0,0.0,0.0,0.0,5.29772358580072e-06,0.00040162638514597157,0.0021189958924121293,0.009826612884722143,0.02365790456637119,0.05837919234625232,0.09332871146360644,0.11903427989093185,0.10396795020692867,0.10929816554614162,0.09102059575682103,0.0758875033497743,0.06294705131898785,0.043716247917844536,0.04085043546300497,0.04817644142196242,0.0520565353670365,0.029304220004535007,0.015495655069303041,0.009874923972163715,0.006905508206887956,0.0035426988033109025,0.00020319485027263823,2.515919969287805e-07,0.0,0.0,0.0,0.0,0.0,0.0,0.0,0.0,0.0,0.0,0.0,0.0,0.0,0.0,0.0,0.0,0.0,0.0,0.0,0.0,0.0
Heuchera_micrantha,0.0,0.00020499352338180049,0.0008091958757952468,0.001962997198932459,0.005800818727914689,0.009633456923024182,0.01084389187261566,0.016919130382500317,0.022263879114781882,0.0250452095825048,0.0428771331478626,0.058043825380079385,0.06184675418642335,0.05827050927504272,0.0813928481011912,0.06941946713886231,0.07368297124645462,0.05628111123420418,0.04544360273272128,0.047065221204074616,0.045065472182589814,0.05375512022939318,0.05013480657385346,0.0521769006543475,0.04324568527168142,0.035674155371980834,0.018277511527157272,0.00775153774815229,0.003476136028360484,0.0013873069926585914,0.0006045037446680098,0.00032574273221204876,0.00022908632222188785,6.890057156447806e-05,1.5674109872363685e-05,4.443090919077202e-06,0.0,0.0,0.0,0.0,0.0,0.0,0.0,0.0,0.0,0.0,0.0,0.0,0.0,0.0
Heuchera_missouriensis,0.0,0.0,0.0,0.0,0.0,0.0,0.0,0.0,0.0,0.0,0.0,0.0,0.0,0.0,0.0,0.0,0.0,0.0,0.0,0.0,0.0,0.0,0.0,0.005735324389041768,0.18598537320052627,0.19207542241012265,0.10803169525649016,0.3049421121220531,0.15464261267705698,0.040708616043590135,0.007878843901119141,0.0,0.0,0.0,0.0,0.0,0.0,0.0,0.0,0.0,0.0,0.0,0.0,0.0,0.0,0.0,0.0,0.0,0.0,0.0
Heuchera_novomexicana,0.0,0.0,0.0,0.0,0.0,0.0,0.0,0.0,0.0,0.0,0.0,0.0,0.0,0.0,0.0,0.0,0.0,2.0035274606282724e-05,9.189007677340644e-05,0.001916700912275774,0.012132146862073692,0.02612149825326037,0.02644450260762533,0.023435997928249408,0.036012032738874385,0.0663100386485423,0.12477845117065302,0.15922483891418127,0.18342216015729115,0.17337328298121996,0.11189401747078903,0.041375456914646606,0.0116140615912512,0.0015925785772385758,0.0002403089204482516,0.0,0.0,0.0,0.0,0.0,0.0,0.0,0.0,0.0,0.0,0.0,0.0,0.0,0.0,0.0
Heuchera_parishii,0.0,0.0,0.0,0.0,0.0,0.0,0.0,0.0,0.0,0.0,0.0,0.0,0.0,0.0,0.0,0.0,0.004220856355895515,0.02856945918477557,0.030072125945862938,0.05526630066059303,0.08592798662171555,0.16195538585639654,0.18549392565106507,0.2927172630009445,0.15133186182276132,0.004094455505788768,0.00030789067763993137,3.22003734629019e-05,1.028834309823602e-05,0.0,0.0,0.0,0.0,0.0,0.0,0.0,0.0,0.0,0.0,0.0,0.0,0.0,0.0,0.0,0.0,0.0,0.0,0.0,0.0,0.0
Heuchera_parviflora,0.0,0.0,0.0,0.0,0.0,0.0,0.0,0.0,0.0,0.0,0.0,0.0,0.0,0.0,0.0,0.0,0.0,0.0,0.0,4.4813517576628575e-05,0.0015571241663225846,0.012992218604904321,0.037599665318400234,0.08260629129179231,0.16666843544717694,0.18403993233010432,0.20185213208399955,0.20377432195943332,0.10886506528028968,0.0,0.0,0.0,0.0,0.0,0.0,0.0,0.0,0.0,0.0,0.0,0.0,0.0,0.0,0.0,0.0,0.0,0.0,0.0,0.0,0.0
Heuchera_parvifolia,0.0,0.0,0.0,0.0,0.0,0.0,0.0,0.0,0.0,0.0,0.0,0.0,0.0,0.0,0.0,0.0,0.00018239940326141452,0.0015227253985200372,0.0016071579965616348,0.002685305031001921,0.0035091006095355104,0.0036776191553422187,0.004069964095914375,0.0067443430109564466,0.015533784879750741,0.029743412465001662,0.04938040075902458,0.06290309049466497,0.09320467632526183,0.1160825838507606,0.12857386671253748,0.11840355115810013,0.11314610336123415,0.09102939980462242,0.06501918444075915,0.039851672495556635,0.022025070730308155,0.014517206761859884,0.0075512027715699545,0.004950634284320005,0.0029388143102308533,0.0009932191977207387,0.00012591413444836658,2.229911958737298e-05,5.2972415866263035e-06,0.0,0.0,0.0,0.0,0.0
Heuchera_pilosissima,0.0,0.007106154043296457,0.012433191058564844,0.038826164968081216,0.05737139827234074,0.10123232912525447,0.1303388814281715,0.12527021728658316,0.10611481347405,0.10196773198796084,0.10237364024677996,0.06292617036141912,0.037670131870756976,0.024606397302865967,0.02041412978565127,0.02050566613899083,0.01653037231656639,0.011264948298462715,0.006731092679967351,0.005729735274310169,0.004025100207714978,0.0027001837627653948,0.0014022151761202122,0.0010162404009728598,0.0006055522853650378,0.00043234021527401137,0.0003556388743508321,3.997566680157933e-05,9.587490561270564e-06,0.0,0.0,0.0,0.0,0.0,0.0,0.0,0.0,0.0,0.0,0.0,0.0,0.0,0.0,0.0,0.0,0.0,0.0,0.0,0.0,0.0
Heuchera_puberula,0.0,0.0,0.0,0.0,0.0,0.0,0.0,0.0,0.0,0.0,0.0,0.0,0.0,0.0,0.0,0.0,0.0,0.0,0.0,0.0,0.0,0.0,0.0,0.0,0.0,8.879895064655602e-05,0.0033015767528419586,0.012115510304503715,0.03769521580938138,0.07393706443941689,0.4464901836413357,0.3927795904297189,0.03359205967215505,0.0,0.0,0.0,0.0,0.0,0.0,0.0,0.0,0.0,0.0,0.0,0.0,0.0,0.0,0.0,0.0,0.0
Heuchera_pubescens,0.0,0.0,0.0,0.0,0.0,0.0,0.0,0.0,0.0,0.0,0.0,0.0,0.0,0.0,0.0,0.0,0.0,0.0,0.0,0.0,0.0,0.0,0.0,0.004333324984332957,0.054936668509614636,0.1229401690538616,0.21075615676503545,0.2671397119714314,0.30372037783167066,0.03617359088405332,0.0,0.0,0.0,0.0,0.0,0.0,0.0,0.0,0.0,0.0,0.0,0.0,0.0,0.0,0.0,0.0,0.0,0.0,0.0,0.0
Heuchera_richardsonii,0.0,0.0,0.0,0.0,0.0,0.0,0.0,0.0,0.0,0.0,0.0,0.0,0.0,0.0,0.0,0.0,0.0,0.0,0.0,0.0,0.0,2.2835635225425446e-06,1.276853187516e-05,0.00010252729223381247,0.00018860869680418715,0.00031379678955487913,0.001194816930960365,0.003813220067948236,0.00842088174191608,0.02212612498906522,0.053060507123983976,0.09559886082949996,0.08707146901479967,0.04914768005397512,0.06057648162554041,0.06790254021032678,0.058497246468232615,0.0523204101499358,0.06682308431148994,0.08052205645256783,0.07024861992063748,0.10945498316092016,0.06258202331474585,0.022499347048560263,0.012139175127833322,0.006696857564516765,0.003915259563198111,0.004247577619728936,0.0005207918356267703,0.0
Heuchera_rubescens,0.0,0.0,0.0,0.0,0.0,0.00014927971489481088,4.861089910435982e-05,7.872641489854632e-05,0.00017129267539473788,0.00019414931665913645,0.00026742800082255063,0.00034466336508390136,0.00044406347150865663,0.0007304554139543313,0.005369865215726556,0.009193920917188451,0.031046992370373082,0.07250181248032117,0.05770824348092424,0.0680469498839149,0.06985181705378063,0.07994508925545253,0.07183172036211594,0.07108596215474268,0.06630417110186827,0.0656310629920153,0.05639620007390589,0.050771445917928634,0.052993999313499435,0.034143255419148984,0.034925883887343814,0.035051613872087266,0.04068573722591577,0.013367124239422492,0.005685661026064424,0.00295286249134533,0.0014042031186319367,0.0004983739542673976,0.0001152064617815419,4.8071869464724374e-05,1.4084588447589358e-05,0.0,0.0,0.0,0.0,0.0,0.0,0.0,0.0,0.0
Heuchera_sanguinea,0.0,0.0,0.0,0.0,0.0,0.0,0.0,0.0,0.0,0.0008556671041352174,0.007715814206292674,0.011383537379499748,0.006345182034667332,0.0041725958621507365,0.0043688722619786395,0.005770023297235571,0.009899067624602171,0.008478209436264848,0.010812963226214759,0.037318986520113465,0.07939079105483354,0.11416110049501622,0.11574828396766293,0.13810034522470696,0.15995111656623046,0.13726348427090773,0.0985837867410901,0.028104639518731333,0.012352152499707074,0.0067432055962594354,0.002431092013727955,4.908309797110889e-05,0.0,0.0,0.0,0.0,0.0,0.0,0.0,0.0,0.0,0.0,0.0,0.0,0.0,0.0,0.0,0.0,0.0,0.0
Heuchera_versicolor,0.0,0.0,0.0,0.0,0.0,0.0,0.0,0.0,0.00010462302717976596,0.0005103692622818217,0.001729559024167888,0.004178710506753586,0.007479224016734539,0.0053931358647668435,0.008676193698950134,0.008057907776620904,0.013151515565018595,0.02013135432372808,0.01940035948705254,0.0246634538560976,0.036887151114750855,0.05013226822570525,0.04492059075657732,0.05296459649785872,0.07550136773606922,0.10438176296780577,0.14217784194315286,0.12896843460042642,0.1019597584178374,0.05981213519473421,0.04796310656716952,0.024108566557584254,0.010438227947028764,0.004431789438394526,0.001472346177306085,0.0003553145084772329,4.8334939769360884e-05,0.0,0.0,0.0,0.0,0.0,0.0,0.0,0.0,0.0,0.0,0.0,0.0,0.0
Heuchera_villosa,0.0,0.0,0.0,0.0,0.0,0.0,0.0,0.0,0.0,0.0,0.0,0.0,0.0,0.0,0.0,0.0,0.0,0.0,0.0,0.00012720092367367696,0.0022200240071671715,0.012841773905652065,0.03350890209221246,0.09016646989861432,0.1634915093780162,0.2365331912403204,0.17126975873171893,0.16646053435636082,0.085389742646815,0.020845319893288045,0.01416477890191639,0.0027975995618149986,0.0001831944624295182,0.0,0.0,0.0,0.0,0.0,0.0,0.0,0.0,0.0,0.0,0.0,0.0,0.0,0.0,0.0,0.0,0.0
Heuchera_wootonii,0.0,0.0,0.0,0.0,0.0,0.0,0.0,0.0,0.0,0.0,0.0,0.0,0.0,0.0,0.0,0.0,0.0,0.0021534961419145747,0.012249382824599293,0.04807212849863775,0.1083297169399022,0.18388646534578384,0.18723506127333595,0.16278541290400264,0.1072918304354336,0.07146365361390397,0.05721677753120113,0.025047401367256743,0.015164117681040834,0.011040981270284071,0.008063574172703385,0.0,0.0,0.0,0.0,0.0,0.0,0.0,0.0,0.0,0.0,0.0,0.0,0.0,0.0,0.0,0.0,0.0,0.0,0.0
Lithophragma_affine,4.5685624340052084e-05,0.0008790258597733433,0.0016106230427540744,0.004597767434544486,0.00520852019155619,0.0075774736583704375,0.011405835177486513,0.013420057010146322,0.01988236150260631,0.02146451831754365,0.02826487812743285,0.028799225029250523,0.0288771848304176,0.02799155279021533,0.03582144391926398,0.0447857063536006,0.051194263579394036,0.05228038098884388,0.04637988851488462,0.05969602071522837,0.07152471031505048,0.08343339980251968,0.08983848326953008,0.09825049929966746,0.07364727691229793,0.06525069665513775,0.0223353298668964,0.004121769426112767,0.001116410008424634,0.00023485696648469965,4.434051856357931e-05,1.695652401144695e-05,2.8577676499487614e-06,0.0,0.0,0.0,0.0,0.0,0.0,0.0,0.0,0.0,0.0,0.0,0.0,0.0,0.0,0.0,0.0,0.0
Lithophragma_bolanderi,0.0,0.0,0.0,6.096917962974906e-05,0.00016109052162073168,0.00034366947452510834,0.000646779010155964,0.0009798830111593187,0.0017887587561687445,0.002287985566384404,0.003498811676839907,0.004202436647539454,0.005269440532981466,0.006084498171815995,0.011172969914830671,0.01911169928636873,0.026408158993644924,0.03892660739809097,0.03788797075382907,0.048634716131623776,0.06177920443417266,0.08682013550670423,0.11070251054532347,0.15679058086333791,0.1375423918499705,0.16138035121183106,0.060335914386673524,0.009500795631565995,0.004447708361378966,0.00178725869560438,0.0007749760906038777,0.00025422453556074614,0.00033298304095036833,8.451981911335121e-05,0.0,0.0,0.0,0.0,0.0,0.0,0.0,0.0,0.0,0.0,0.0,0.0,0.0,0.0,0.0,0.0
Lithophragma_campanulatum,0.0,0.0,0.00035633224030317325,0.0011521176069860045,0.001381676215055345,0.0017548359217701881,0.00141420975908779,0.0013251753173523248,0.0014459030874476113,0.0015657530380836374,0.0023641663558836078,0.0038680151941422047,0.005122273074943002,0.007071952286913448,0.012248089969597644,0.020360886651005057,0.03450336597440142,0.04716778523981209,0.058883684888705476,0.07742687880631738,0.090121017516813,0.13452168216686147,0.12416632947785428,0.12107661715568675,0.07424938123582471,0.07892637864680106,0.05623042035650151,0.027879494821610604,0.010810719644330426,0.002527519886243262,7.733746366547164e-05,0.0,0.0,0.0,0.0,0.0,0.0,0.0,0.0,0.0,0.0,0.0,0.0,0.0,0.0,0.0,0.0,0.0,0.0,0.0
Lithophragma_cymbalaria,0.0,0.0,0.0,0.007424897995070244,0.016706888711249875,0.02492206551445467,0.035218741797514566,0.037561840530195706,0.03775815588870323,0.03709842328555407,0.03960079682671186,0.03902052881775925,0.036940271985891504,0.0418803316530138,0.06764613885277111,0.08320852264253631,0.06916029050580896,0.058658448386092216,0.04505626411408378,0.05598565220593355,0.06767998165201139,0.058440043640920425,0.044116379422160366,0.04043753477461706,0.02577832127565185,0.019506233027718856,0.007886288239867315,0.0018949342364900368,0.0004120240172179531,0.0,0.0,0.0,0.0,0.0,0.0,0.0,0.0,0.0,0.0,0.0,0.0,0.0,0.0,0.0,0.0,0.0,0.0,0.0,0.0,0.0
Lithophragma_glabrum,0.0,0.0,0.0,0.0,0.0,0.0,0.0,0.00042547290441016593,0.0007415185419802253,0.0004827334928101745,0.0011498651493861813,0.001607614193234624,0.0014102906549500415,0.0016941560671874098,0.003474564183639719,0.004244445881812865,0.010340174282076366,0.011554662017393478,0.010081790360599979,0.012312135325285642,0.015683245208224752,0.022511077552526227,0.0245314773361327,0.033410794027761544,0.05466344276243692,0.0878476194022049,0.09529078464584782,0.08747459792933167,0.0973407668385966,0.0947286214584878,0.07947385426610999,0.07507506556533527,0.07139066328909098,0.04501774733667106,0.026103737875536024,0.012268883214601031,0.007106332728541926,0.005350556982125021,0.0029264419888804,0.001612752547718194,0.000439243755151379,0.00019425053114739417,2.632785626383565e-05,1.2291846509865456e-05,0.0,0.0,0.0,0.0,0.0,0.0
Lithophragma_heterophyllum,0.0,0.0,0.000447931364303051,0.0032987488941756626,0.003768276107103021,0.007995562099390237,0.0137910212751397,0.01643535471229559,0.02221056534825696,0.022433085393246285,0.030793445249091188,0.03041082339391505,0.030034803656979605,0.02965750710044032,0.03975619216906698,0.052458262582360735,0.05943117291123452,0.062313671153621575,0.05558598732655947,0.06631775564902401,0.0730061446786958,0.08032018336595217,0.08002399757416725,0.08321096478637939,0.06119634150450425,0.05308938578272518,0.01823354488931316,0.002842605375345377,0.0007810085095078539,0.00014578734515917132,9.869802046430867e-06,0.0,0.0,0.0,0.0,0.0,0.0,0.0,0.0,0.0,0.0,0.0,0.0,0.0,0.0,0.0,0.0,0.0,0.0,0.0
Lithophragma_parviflorum,0.0,0.0,1.4948652337777225e-05,0.00041092440513421926,0.00042987658466130926,0.000576820606056892,0.0010287996998624347,0.0020707476216366085,0.0029794489060159697,0.003149155140335117,0.006072578477080213,0.009834371981579116,0.010694456232173629,0.010457540819988636,0.016035209089416153,0.012301415089868204,0.011239480425682426,0.01308299088519,0.0136935412955525,0.01840247114175744,0.024478422388333903,0.03321676932145585,0.03835684788138912,0.05764985991998608,0.07412161467702723,0.10539946299869278,0.08404655020954545,0.06805694583169823,0.08286646473802482,0.07633929109325044,0.05578993647304208,0.04814157972451921,0.04204743424318645,0.029431019784424837,0.018949120978379908,0.011324383856532902,0.007697484837593214,0.0064332924883387,0.002536569906995565,0.0005757186835101308,6.370148360932107e-05,2.7514261351723857e-06,0.0,0.0,0.0,0.0,0.0,0.0,0.0,0.0
Lithophragma_tenellum,0.0,0.0,0.0,8.366246945515171e-05,5.65874794559837e-05,9.993639616574478e-05,0.00023968695318772045,0.0003116386548583552,0.0004896164647311826,0.0005292633305262496,0.0006482437309941313,0.0006020068781360572,0.0005527644792202067,0.0005458019037220947,0.001077762300751584,0.002440252002343984,0.004574538226094457,0.00616594717116989,0.007346353305990044,0.010364056963963168,0.014295690906682153,0.021913664034119863,0.02343750360199209,0.03206967725139366,0.04500103037447363,0.0711314334612729,0.08836878605976824,0.08752968561269,0.0994527707770396,0.09404089202848974,0.0903125087092994,0.08358027736624841,0.07963552934548022,0.0565047788675209,0.03591589342093116,0.019162845519074524,0.009240888360662485,0.005587221968791375,0.0026332297540777928,0.001983006663437704,0.0011860826076439542,0.0007130741760549624,0.00012422202667719266,5.118839541230802e-05,0.0,0.0,0.0,0.0,0.0,0.0
Lithophragma_trifoliatum,0.0,0.0,0.0,0.0,0.0,0.0,0.0,0.0,0.0,0.0,0.0,0.0,0.0,0.0,0.0,0.0,3.187072523869964e-05,0.001027568260819155,0.002260522747981736,0.007656847919459983,0.012796910780913677,0.032208297356691465,0.16520519883213555,0.31203687502990657,0.1929549621419244,0.25053509687462205,0.02273421421634692,0.000551465113898974,1.7000006089895934e-07,0.0,0.0,0.0,0.0,0.0,0.0,0.0,0.0,0.0,0.0,0.0,0.0,0.0,0.0,0.0,0.0,0.0,0.0,0.0,0.0,0.0
Mitella_acerina,0.0,0.0,0.0,0.0,0.0,0.0,0.0,0.0,0.0,0.0,0.0,0.0,0.0,0.0,0.0,0.0,0.0,0.0,0.0,0.0,0.0067652812799761115,0.6553966647381437,0.3355892353420219,0.0022488186398582845,0.0,0.0,0.0,0.0,0.0,0.0,0.0,0.0,0.0,0.0,0.0,0.0,0.0,0.0,0.0,0.0,0.0,0.0,0.0,0.0,0.0,0.0,0.0,0.0,0.0,0.0
Mitella_breweri,0.0,0.0,0.0,8.947990433312686e-05,0.0001999417341140696,0.0004981151211101599,0.0008320786129629897,0.0017553475039599011,0.0020362831902720974,0.0066796643942371395,0.017569231394877625,0.015738380920921797,0.019776015762736788,0.02361547531967997,0.03633808059160544,0.03686281278999395,0.04732963176278957,0.07468357280120366,0.06399201807889557,0.07143889689691006,0.0743170642057092,0.09027685237255108,0.08366193452258362,0.07107322554536674,0.05427498624840642,0.042654654327793216,0.04439835069322408,0.041923347548898766,0.033757143645374334,0.016939765257639326,0.009479926968390541,0.007949047322448673,0.006427010978934976,0.0027070136127047466,0.0007095288615367076,1.5121107833477719e-05,0.0,0.0,0.0,0.0,0.0,0.0,0.0,0.0,0.0,0.0,0.0,0.0,0.0,0.0
Mitella_caulescens,0.0,0.00018221002099678423,0.0007501236542106237,0.0013041382921598395,0.002297518460261967,0.005303711795236153,0.008335745077151234,0.01437598753183827,0.017942745740110757,0.018606813305355473,0.035266121210952066,0.05187462387163403,0.05606984649556498,0.05404953471487934,0.07486555456915736,0.07213300901102593,0.09606449972884976,0.06324590241906602,0.04672985701754406,0.05018489932178481,0.048026339309776366,0.04367226081574136,0.033325895306581435,0.030098702822639843,0.03173157847981328,0.04726053064831657,0.033766034850624134,0.021479716863503646,0.01839643348054517,0.010036203802257549,0.005444025648512971,0.0037761053057847774,0.0021556559129553136,0.0008922424812990451,0.00030835399036018365,4.6134470497075764e-05,9.435730118207588e-07,0.0,0.0,0.0,0.0,0.0,0.0,0.0,0.0,0.0,0.0,0.0,0.0,0.0
Mitella_diphylla,0.0,0.0,0.0,0.0,0.0,0.0,0.0,0.0,0.0,0.0,0.0,0.0,0.0,0.0,0.0,0.0,0.0,0.0,0.0,0.0,0.0,0.0004820045218481669,0.002837395656870134,0.0059747963205083725,0.014368164261542853,0.04266453727154658,0.06877491635556032,0.12280218202491892,0.15434776669537462,0.11279014208760076,0.11243548437844313,0.08728449488777068,0.07875054108830933,0.0798850778784075,0.041229386861358734,0.023975035410717955,0.014927640603835913,0.014997230871410815,0.012171482421758185,0.007414529984100517,0.00185460175385238,3.258866426414781e-05,0.0,0.0,0.0,0.0,0.0,0.0,0.0,0.0
Mitella_diversifolia,0.0,0.0,0.0002485580193600685,0.0004951919994467387,0.0005312604709149483,0.001123653279250309,0.0006509723661060107,0.0007642805691970929,0.0008582340605398831,0.0007731921432048182,0.0010717019746415556,0.0013809424554149224,0.0016983306354989686,0.0026950186197963856,0.006830786419021314,0.013632503387182002,0.02448882739867557,0.038684909881052464,0.052390547727637286,0.0774324079691501,0.09316554894851327,0.1190896274892194,0.11381291787353605,0.1189951618712248,0.11190956658348243,0.09780446138299362,0.07203140045770895,0.030826840771106787,0.011871754920154564,0.003404877331468486,0.0011321107019105342,0.00018445675857518856,1.9955534015525774e-05,0.0,0.0,0.0,0.0,0.0,0.0,0.0,0.0,0.0,0.0,0.0,0.0,0.0,0.0,0.0,0.0,0.0
Mitella_formosana,0.0,0.0,0.005937808185915885,0.08183263483676123,0.43544252574604064,0.3489917575942413,0.0864044873634701,0.032098300006392175,0.00886063120861702,0.00043185505856162097,0.0,0.0,0.0,0.0,0.0,0.0,0.0,0.0,0.0,0.0,0.0,0.0,0.0,0.0,0.0,0.0,0.0,0.0,0.0,0.0,0.0,0.0,0.0,0.0,0.0,0.0,0.0,0.0,0.0,0.0,0.0,0.0,0.0,0.0,0.0,0.0,0.0,0.0,0.0,0.0
Mitella_furusei,0.0,0.0,0.0,0.0,0.0,0.0,0.0,0.0,0.0,0.0,0.0,0.0,0.0,0.0,1.2154579046050634e-06,0.000133220376936426,0.001411963391921274,0.007665980886920576,0.025551043307430847,0.0669583812416642,0.11894723024347262,0.2279882243729205,0.3075679771633054,0.1626314478168686,0.04348901766038546,0.028872972330673964,0.007810570932121841,0.0009707548174737576,0.0,0.0,0.0,0.0,0.0,0.0,0.0,0.0,0.0,0.0,0.0,0.0,0.0,0.0,0.0,0.0,0.0,0.0,0.0,0.0,0.0,0.0
Mitella_japonica,0.0,0.0,0.0,0.0,0.0,0.0,0.0,0.0,0.0,0.0,0.0,0.0,0.0,0.0,0.0,0.0025279224946815546,0.008714944916890708,0.021516593024875758,0.07667176203082755,0.2117499206249774,0.3517637410064597,0.2522356497591114,0.06910171692349361,0.0057177492186822115,0.0,0.0,0.0,0.0,0.0,0.0,0.0,0.0,0.0,0.0,0.0,0.0,0.0,0.0,0.0,0.0,0.0,0.0,0.0,0.0,0.0,0.0,0.0,0.0,0.0,0.0
Mitella_koshiensis,0.0,0.0,0.0,0.0,0.0,0.0,0.0,0.0,0.0,0.0,0.0,0.0,0.0,0.0,0.0,0.0,0.0,0.0,0.0,7.293236767396868e-05,0.010427149804920731,0.03724104939355076,0.0649806745013232,0.25286045515720296,0.5046954165855424,0.11989569391263455,0.008835813488261655,0.000990814788889704,0.0,0.0,0.0,0.0,0.0,0.0,0.0,0.0,0.0,0.0,0.0,0.0,0.0,0.0,0.0,0.0,0.0,0.0,0.0,0.0,0.0,0.0
Mitella_nuda,0.0,0.0,0.0,0.0,0.0,0.0,0.0,0.0,0.0,1.3032258848871206e-05,6.171575445150266e-05,0.0003501555826075107,0.00048133581277193477,0.000331338605063896,0.0005274878729292678,0.00022579645191036162,0.00035194519946738043,0.0005043725385270605,0.0020793630576107394,0.0030790952701003236,0.0044821584537801705,0.009420274078597782,0.013236807626403169,0.019265803237024263,0.019963204316613643,0.020868928392589272,0.028539931308640163,0.03386093142135463,0.04881665905536155,0.053148095056325284,0.051029716905054236,0.04114077290907416,0.0436948092704,0.04631794701612245,0.043032424075682515,0.04302909026063087,0.03572205890176053,0.03861527055189108,0.0515159828395956,0.051706427199218974,0.05033597017448089,0.0617405600794901,0.06341456174471011,0.06926411807386967,0.02711129030990125,0.008790219017519044,0.0050016970147089505,0.006800684643235965,0.002018357607518552,0.00010961005415633172
Mitella_ovalis,0.0,0.0002557974089419561,0.0007076701018565482,0.0016882251895842945,0.006482565995860383,0.017115154614718582,0.023358195558669644,0.03278770227332185,0.03506923179931054,0.034840466905761355,0.05205996730331674,0.06434274435811005,0.07041816563641669,0.07356285199177197,0.0895778612076219,0.0769913406486596,0.08254131954360669,0.07232425756383018,0.059222724834348026,0.06643320597037533,0.05360431246951675,0.0352499822592594,0.022379644729740827,0.013443764466966471,0.006137795956576977,0.005613533805987063,0.0032726021249356425,0.0005021745498807371,1.6740731053787807e-05,0.0,0.0,0.0,0.0,0.0,0.0,0.0,0.0,0.0,0.0,0.0,0.0,0.0,0.0,0.0,0.0,0.0,0.0,0.0,0.0,0.0
Mitella_pauciflora,0.0,0.0,0.0,0.0,0.0,0.0,0.0,0.0,0.0,0.0,0.0,0.0,0.0,4.60464893843049e-06,2.542624441050858e-05,0.0003839346259348455,0.0020065580935736678,0.008788696709122992,0.025812278659807203,0.055902862004677485,0.049325255930777176,0.07575881929876592,0.19317568516238887,0.1857638674087472,0.17314173918772166,0.15443897268397672,0.058832739315004975,0.016638560026152282,0.0,0.0,0.0,0.0,0.0,0.0,0.0,0.0,0.0,0.0,0.0,0.0,0.0,0.0,0.0,0.0,0.0,0.0,0.0,0.0,0.0,0.0
Mitella_pentandra,0.0,5.289520340915611e-06,0.00016717583385777272,0.0008429199932383088,0.0031934436394476444,0.003339315134521629,0.005009107180676559,0.005725849023173357,0.010107284203995398,0.01338476162560309,0.017866349837409257,0.017693155153167425,0.01707288238084052,0.017963262004670147,0.02189055651869164,0.02407388855097034,0.027259870785219287,0.02894410813639276,0.02532845044979193,0.03075799066271375,0.034508883695048384,0.0404384204916261,0.04323708384336542,0.05183110402256713,0.05701003629987093,0.06594932226224637,0.07172262477817984,0.07028469695544291,0.07260468184582512,0.05894080910811444,0.04360527373551256,0.030848717935959374,0.02710695631134348,0.01929713519128361,0.012683995699580184,0.007821324668888413,0.004257547772996706,0.0036484504580029217,0.002820188002295111,0.0025366400627673856,0.0021138847985668154,0.0014014095986111645,0.0013058140982381205,0.0014933569420777315,0.0010984429876091698,0.00046646045829686826,0.00024795692617614605,6.735945609223378e-05,2.5008727604367265e-05,7.522310892863315e-07
Mitella_stauropetala,0.0,0.0,0.0,0.0,0.0,0.0,0.0,0.0,0.0,0.0,0.0,0.0,0.0,0.0,0.0,0.00012356408355036012,0.0012383872866401214,0.0018423312151010203,0.0021044929099364074,0.003192749691327505,0.00331973984216666,0.0041038221053347505,0.003062443598235781,0.008586909610118796,0.06888067756285228,0.1284186942872828,0.10818679766508878,0.09454089851620136,0.12463988085012816,0.11037698869482132,0.09077221598903017,0.08691782008364024,0.07719657480461506,0.0443593139383142,0.0227275674196645,0.009257443340183151,0.004053716786678935,0.0016467322092239298,0.0003264644740608194,9.510128061568238e-05,2.630712514901695e-05,2.1046420152021196e-06,2.599880227623725e-07,0.0,0.0,0.0,0.0,0.0,0.0,0.0
Mitella_stylosa,0.0,0.0,0.0,0.0,0.0,0.0,0.0,0.0,0.0,0.0,0.0,0.0,0.0,0.0,0.0,0.0002122386464739111,0.003006196391691249,0.023368125025164176,0.10334793158112668,0.2700196460322256,0.2695609914716349,0.15782020384880174,0.09749069420093268,0.04350779439302373,0.01802446592262725,0.010459499180043377,0.0029001684024015976,0.00028204490385312143,0.0,0.0,0.0,0.0,0.0,0.0,0.0,0.0,0.0,0.0,0.0,0.0,0.0,0.0,0.0,0.0,0.0,0.0,0.0,0.0,0.0,0.0
Mitella_trifida,0.0,0.0,1.50278206365338e-06,1.8004766344291752e-05,0.00020204278295933478,0.00040684405923770123,0.0005004939033394089,0.0009350339776019412,0.001826318474892232,0.003297622408442586,0.007254619832113545,0.008325655555967473,0.009828918081251187,0.010790825659010128,0.01722781143426131,0.017739768333401757,0.022513057448181745,0.02684877892159728,0.02711041372663525,0.03434352034743409,0.04027755930583252,0.053650862274130164,0.06046376019202205,0.07507117796149224,0.0862863955001562,0.09938629293374923,0.11051983426965496,0.09382272542100953,0.08465626682535933,0.05275150961387895,0.026152638594360227,0.012471562011245009,0.008084220557479165,0.0044437605590481434,0.001825874138452638,0.0005297297479431688,0.00019657722363542946,0.00018472068492482804,4.5497606713153196e-05,5.755025947757441e-06,1.7997824520008002e-06,2.47275778668682e-07,0.0,0.0,0.0,0.0,0.0,0.0,0.0,0.0
Mitella_yamatoensis,0.0,0.0,0.0,0.0,0.0,0.0,0.0,0.0,0.0,0.0,0.0,0.0,0.0,0.0,0.0,0.0,0.0,0.0003699353767060699,0.028730871046247976,0.09631544524935706,0.2024183853029501,0.3404199086699767,0.2578297640199257,0.07391569033483643,0.0,0.0,0.0,0.0,0.0,0.0,0.0,0.0,0.0,0.0,0.0,0.0,0.0,0.0,0.0,0.0,0.0,0.0,0.0,0.0,0.0,0.0,0.0,0.0,0.0,0.0
Rodgersia_pinnata,0.0,0.0,0.0,0.0,0.0,0.0,0.0,0.0,0.0,0.0,0.0,0.013943382712051693,0.2135334634609694,0.19201188513443807,0.1394034306495529,0.2201216951163049,0.11439567838805632,0.043001641229389945,0.02271161865336346,0.01918704904610655,0.012174496653740442,0.005818954060889294,0.0025325959887834647,0.0011641089063536409,0.0,0.0,0.0,0.0,0.0,0.0,0.0,0.0,0.0,0.0,0.0,0.0,0.0,0.0,0.0,0.0,0.0,0.0,0.0,0.0,0.0,0.0,0.0,0.0,0.0,0.0
Tellima_grandiflora,0.0,0.0,0.00044536580107078016,0.0016572603717510755,0.003784405599809969,0.006896415671775319,0.015804857661192554,0.02351093293176804,0.03357753318067877,0.03925525340190498,0.05197438600826052,0.0644926570311347,0.06422861575457864,0.057102882652664874,0.07443552783312875,0.07095864667571071,0.08059293199997407,0.05420154833321846,0.040460979909398606,0.04301241781442725,0.04147969804551601,0.043686009737349374,0.038973029021976455,0.03927137702702725,0.02607343352086898,0.0269329135913831,0.019494082749434243,0.012437391389570522,0.009747837414933515,0.008527840225731545,0.004797843756149647,0.001535526720390524,0.0005281587056543285,8.965502791198253e-05,2.3946776525508873e-05,8.168641184271727e-06,4.353851348244268e-07,3.363080970025121e-08,0.0,0.0,0.0,0.0,0.0,0.0,0.0,0.0,0.0,0.0,0.0,0.0
Tiarella_cordifolia,0.0,0.0,0.0,0.0,0.0,0.0,0.0,0.0,0.0,0.0,0.0,0.0,0.0,0.0,0.0,0.0,6.969584291658972e-06,3.181241456996103e-05,4.625473617326593e-05,0.0001513832615774096,0.0014918994253010338,0.005621247046943487,0.01652730550539077,0.040757732650111206,0.0656058777500891,0.07143274987301088,0.07811482932332747,0.11472342941346568,0.15838614440871487,0.07639356507651883,0.05195331140269718,0.05278708867025633,0.08643491608432052,0.09609733677427554,0.060360026628687065,0.017419544250151724,0.004069557305270864,0.0013484697802424582,0.0002269806821673603,1.073814397478988e-05,8.298084715275737e-07,0.0,0.0,0.0,0.0,0.0,0.0,0.0,0.0,0.0
Tiarella_polyphylla,0.0,0.0,0.0,0.0,0.0020441186073142754,0.003384269012702216,0.0009722031289858477,0.0006923764919375937,0.0021578105354323677,0.00390491330681043,0.007721911120448199,0.023600037805642068,0.09131099026127118,0.05397033983006218,0.03893650222475628,0.06633146800057288,0.06129836685035778,0.050216428488282464,0.049520202556839636,0.05756174334908645,0.05126473320849512,0.04687971164451366,0.06503872149923656,0.08662587448853115,0.08575215531133228,0.06267637888257657,0.03183019217921424,0.017951067443398003,0.011994682725241715,0.010368136615772638,0.009146464005524184,0.006338854282078003,0.00035632611925204733,0.00014006001354441517,1.2960010787431207e-05,0.0,0.0,0.0,0.0,0.0,0.0,0.0,0.0,0.0,0.0,0.0,0.0,0.0,0.0,0.0
Tiarella_trifoliata,0.0,4.907542091586097e-05,0.0007919927441669525,0.003188322394055476,0.008550989642602156,0.011799700174708716,0.013856093898034327,0.01758753389234332,0.021544693363384524,0.02078963542338129,0.030883641195871663,0.037459040629406665,0.03742606600048058,0.035943173131608684,0.046808491832010204,0.03911602129889519,0.03810172345349271,0.029895074393130862,0.024727039552914384,0.02635504700026137,0.027924000470845898,0.03377281791624176,0.03466251794148033,0.0405644752765573,0.0450495764967674,0.06227176278791693,0.06751163902599362,0.06780794449635161,0.07426063357363849,0.052577732535952264,0.028002127892302445,0.012123151065597807,0.005983870261998715,0.001902455705370968,0.0005632644081925264,0.00013105750015599257,1.336373995277376e-05,4.253463018259303e-06,0.0,0.0,0.0,0.0,0.0,0.0,0.0,0.0,0.0,0.0,0.0,0.0
Tolmiea_diplomenziesii,0.0,0.0015283297244517487,0.003626122140374092,0.005664363610455464,0.008048094597151516,0.01790910137756241,0.018330654124977558,0.020077591600262103,0.020435831468940752,0.02060917626147977,0.025943835542262605,0.027484664313018745,0.028570198729371974,0.030515608077577014,0.039710077897299766,0.03958823205214525,0.052403125778245706,0.06257517452544739,0.07233582513824313,0.09269276041416452,0.09825714266827557,0.09317430954746564,0.06879902352561958,0.05940447188980505,0.0393479421474081,0.03268612090440892,0.016083161117327834,0.0039714386029194824,0.0002193449684013785,8.277254936986515e-06,0.0,0.0,0.0,0.0,0.0,0.0,0.0,0.0,0.0,0.0,0.0,0.0,0.0,0.0,0.0,0.0,0.0,0.0,0.0,0.0
Tolmiea_menziesii,0.0,0.0,0.0008273128874025863,0.0033116384320245732,0.009855103199047829,0.012362126487985351,0.01659632862048226,0.029984176873644887,0.03821266372326066,0.040468258211045334,0.06167074810490724,0.09121776051016588,0.10855273406073823,0.10693815468485744,0.1439407505874389,0.1138061828722164,0.09994603701519864,0.05027362378110583,0.02223449722720756,0.015129829017987682,0.009943981075850494,0.006746260632279361,0.004392668163861011,0.0033081656757580685,0.0039443273598761775,0.002410075032530716,0.001086068007190718,0.0009702409339041727,0.000994489827381757,0.0005093298319107727,0.00019495670464073523,0.00013897870660361603,3.25317514953711e-05,0.0,0.0,0.0,0.0,0.0,0.0,0.0,0.0,0.0,0.0,0.0,0.0,0.0,0.0,0.0,0.0,0.0
Heuchera_brevistaminea,0.0,0.0,0.0,0.0,0.0,0.0,0.0,0.0,0.0,0.0,0.0,0.0,0.0,0.0,0.0,0.0,0.0,0.0,0.0,0.0,0.5,0.5,0.0,0.0,0.0,0.0,0.0,0.0,0.0,0.0,0.0,0.0,0.0,0.0,0.0,0.0,0.0,0.0,0.0,0.0,0.0,0.0,0.0,0.0,0.0,0.0,0.0,0.0,0.0,0.0
Heuchera_caespitosa,0.0,0.0,0.0,0.0,0.0,0.0,0.0,0.0,0.0,0.0,0.0,0.0,0.0,0.0,0.1,0.2,0.3,0.1,0.0,0.0,0.0,0.1,0.2,0.0,0.0,0.0,0.0,0.0,0.0,0.0,0.0,0.0,0.0,0.0,0.0,0.0,0.0,0.0,0.0,0.0,0.0,0.0,0.0,0.0,0.0,0.0,0.0,0.0,0.0,0.0
Heuchera_hirsutissima,0.0,0.0,0.0,0.0,0.0,0.0,0.0,0.0,0.0,0.0,0.0,0.0,0.0,0.0,0.0,0.0,0.0,0.0,0.0,0.0,0.6666666666666666,0.0,0.3333333333333333,0.0,0.0,0.0,0.0,0.0,0.0,0.0,0.0,0.0,0.0,0.0,0.0,0.0,0.0,0.0,0.0,0.0,0.0,0.0,0.0,0.0,0.0,0.0,0.0,0.0,0.0,0.0
Heuchera_inconstans,0.0,0.0,0.0,0.0,0.0,0.0,0.0,0.0,0.0,0.0,0.0,0.0,0.0,0.0,0.0,0.0,0.0,0.0,0.0,0.0,0.0,0.0,0.0,0.1111111111111111,0.4444444444444444,0.4444444444444444,0.0,0.0,0.0,0.0,0.0,0.0,0.0,0.0,0.0,0.0,0.0,0.0,0.0,0.0,0.0,0.0,0.0,0.0,0.0,0.0,0.0,0.0,0.0,0.0
Heuchera_lakelae,0.4,0.4,0.2,0.0,0.0,0.0,0.0,0.0,0.0,0.0,0.0,0.0,0.0,0.0,0.0,0.0,0.0,0.0,0.0,0.0,0.0,0.0,0.0,0.0,0.0,0.0,0.0,0.0,0.0,0.0,0.0,0.0,0.0,0.0,0.0,0.0,0.0,0.0,0.0,0.0,0.0,0.0,0.0,0.0,0.0,0.0,0.0,0.0,0.0,0.0
Heuchera_pulchella,0.0,0.0,0.0,0.0,0.0,0.0,0.0,0.0,0.0,0.0,0.0,0.0,0.0,0.0,0.0,0.0,0.0,0.0,0.0,0.0,0.0,0.0,0.0,0.14285714285714285,0.5714285714285714,0.14285714285714285,0.0,0.0,0.14285714285714285,0.0,0.0,0.0,0.0,0.0,0.0,0.0,0.0,0.0,0.0,0.0,0.0,0.0,0.0,0.0,0.0,0.0,0.0,0.0,0.0,0.0
Heuchera_rosendahlii,0.0,0.0,0.0,0.0,0.0,0.0,0.0,0.0,0.0,0.0,0.0,0.0,0.0,0.0,0.0,0.0,0.0,0.0,0.25,0.5,0.25,0.0,0.0,0.0,0.0,0.0,0.0,0.0,0.0,0.0,0.0,0.0,0.0,0.0,0.0,0.0,0.0,0.0,0.0,0.0,0.0,0.0,0.0,0.0,0.0,0.0,0.0,0.0,0.0,0.0
Heuchera_soltisii,0.0,0.0,0.0,0.0,0.0,0.0,0.0,0.0,0.0,0.0,0.0,0.0,0.0,0.0,0.0,0.0,0.0,0.0,0.0,0.0,0.0,0.0,0.15384615384615385,0.07692307692307693,0.07692307692307693,0.15384615384615385,0.07692307692307693,0.07692307692307693,0.3076923076923077,0.07692307692307693,0.0,0.0,0.0,0.0,0.0,0.0,0.0,0.0,0.0,0.0,0.0,0.0,0.0,0.0,0.0,0.0,0.0,0.0,0.0,0.0
Heuchera_wellsiae,0.0,0.0,0.0,0.0,0.0,0.0,0.0,0.0,0.0,0.0,0.0,0.0,0.0,0.0,0.0,0.0,0.0,0.0,0.0,0.0,0.0,0.0,0.0,0.0,0.0,0.09090909090909093,0.7272727272727273,0.09090909090909093,0.09090909090909093,0.0,0.0,0.0,0.0,0.0,0.0,0.0,0.0,0.0,0.0,0.0,0.0,0.0,0.0,0.0,0.0,0.0,0.0,0.0,0.0,0.0
Heuchera_woodsiaphila,0.0,0.0,0.0,0.0,0.0,0.0,0.0,0.0,1.0,0.0,0.0,0.0,0.0,0.0,0.0,0.0,0.0,0.0,0.0,0.0,0.0,0.0,0.0,0.0,0.0,0.0,0.0,0.0,0.0,0.0,0.0,0.0,0.0,0.0,0.0,0.0,0.0,0.0,0.0,0.0,0.0,0.0,0.0,0.0,0.0,0.0,0.0,0.0,0.0,0.0
Lithophragma_maximum,0.0,0.0,0.0,0.0,0.0,0.0,0.0,0.0,0.0,0.5,0.25,0.0,0.0,0.0,0.0,0.25,0.0,0.0,0.0,0.0,0.0,0.0,0.0,0.0,0.0,0.0,0.0,0.0,0.0,0.0,0.0,0.0,0.0,0.0,0.0,0.0,0.0,0.0,0.0,0.0,0.0,0.0,0.0,0.0,0.0,0.0,0.0,0.0,0.0,0.0
Lithophragma_thompsonii,0.0,0.0,0.0,0.0,0.0,0.0,0.0,0.0,0.0,0.0,0.0,0.0,0.0,0.0,0.0,0.0,0.0,0.1,0.1,0.1,0.1,0.2,0.2,0.0,0.0,0.2,0.0,0.0,0.0,0.0,0.0,0.0,0.0,0.0,0.0,0.0,0.0,0.0,0.0,0.0,0.0,0.0,0.0,0.0,0.0,0.0,0.0,0.0,0.0,0.0
Mitella_amamiana,0.0,0.0,0.0,0.0,0.0,0.0,0.0,0.0,0.0,0.0,0.0,0.0,0.0,0.0,0.0,0.0,0.0,0.0,0.14285714285714285,0.14285714285714285,0.2857142857142857,0.42857142857142855,0.0,0.0,0.0,0.0,0.0,0.0,0.0,0.0,0.0,0.0,0.0,0.0,0.0,0.0,0.0,0.0,0.0,0.0,0.0,0.0,0.0,0.0,0.0,0.0,0.0,0.0,0.0,0.0
Mitella_doiana,0.0,0.0,0.0,0.0,0.0,0.0,0.0,0.0,0.5,0.5,0.0,0.0,0.0,0.0,0.0,0.0,0.0,0.0,0.0,0.0,0.0,0.0,0.0,0.0,0.0,0.0,0.0,0.0,0.0,0.0,0.0,0.0,0.0,0.0,0.0,0.0,0.0,0.0,0.0,0.0,0.0,0.0,0.0,0.0,0.0,0.0,0.0,0.0,0.0,0.0
Mitella_integripetala,0.0,0.0,0.0,0.0,0.0,0.0,0.0,0.0,0.0,0.0,0.0,0.0,0.0,0.0,0.0,0.0,0.0,0.0,0.6,0.4,0.0,0.0,0.0,0.0,0.0,0.0,0.0,0.0,0.0,0.0,0.0,0.0,0.0,0.0,0.0,0.0,0.0,0.0,0.0,0.0,0.0,0.0,0.0,0.0,0.0,0.0,0.0,0.0,0.0,0.0
Mitella_kiusiana,0.0,0.0,0.0,0.0,0.0,0.0,0.0,0.0,0.0,0.0,0.0,0.0,0.0,0.0,0.0,0.0,0.0,0.0,0.0,0.0,0.0,0.0,0.0,0.0,0.0,0.0,0.0,1.0,0.0,0.0,0.0,0.0,0.0,0.0,0.0,0.0,0.0,0.0,0.0,0.0,0.0,0.0,0.0,0.0,0.0,0.0,0.0,0.0,0.0,0.0
Mitella_kumaensis,0.0,0.0,0.0,0.0,0.0,0.0,0.0,0.0,0.0,0.0,0.0,1.0,0.0,0.0,0.0,0.0,0.0,0.0,0.0,0.0,0.0,0.0,0.0,0.0,0.0,0.0,0.0,0.0,0.0,0.0,0.0,0.0,0.0,0.0,0.0,0.0,0.0,0.0,0.0,0.0,0.0,0.0,0.0,0.0,0.0,0.0,0.0,0.0,0.0,0.0
Mitella_yoshinagae,0.0,0.0,0.0,0.0,0.0,0.0,0.0,0.0,0.0,0.0,0.0,0.0,0.0,0.0,0.0,0.0,0.0,0.0,0.0,0.3076923076923077,0.3076923076923077,0.3076923076923077,0.0,0.0,0.0,0.07692307692307693,0.0,0.0,0.0,0.0,0.0,0.0,0.0,0.0,0.0,0.0,0.0,0.0,0.0,0.0,0.0,0.0,0.0,0.0,0.0,0.0,0.0,0.0,0.0,0.0
Peltoboykinia_tellimoides,0.0,0.0,0.0,0.0,0.0,0.0,0.0,0.0,0.0,0.0,0.0,0.0,0.0,0.0,0.0,0.0,0.0,0.0,0.0,0.0,0.0,0.0,0.0,0.0,0.0,1.0,0.0,0.0,0.0,0.0,0.0,0.0,0.0,0.0,0.0,0.0,0.0,0.0,0.0,0.0,0.0,0.0,0.0,0.0,0.0,0.0,0.0,0.0,0.0,0.0
